0 0.95 1
-0.3771015 0.95 1
-0.3586449 0.8334692 1
-0.3050815 0.7283453 1
-0.2216547 0.6449184 1
-0.1165308 0.5913551 1
-2.2477E-08 0.5728985 1
0.1165308 0.5913551 1
0.2216547 0.6449184 1
0.3050816 0.7283453 1
0.3586449 0.8334692 1
0.3771015 0.95 1
0.3586449 1.066531 1
0.3050816 1.171655 1
0.2216548 1.255082 1
0.1165308 1.308645 1
-2.2477E-08 1.327101 1
-0.1165309 1.308645 1
-0.2216547 1.255082 1
-0.3050815 1.171655 1
-0.3586449 1.066531 1
-0.7542031 0.95 1
-0.7172897 0.7169384 1
-0.6101631 0.5066905 1
-0.4433095 0.3398369 1
-0.2330616 0.2327102 1
-4.495401E-08 0.195797 1
0.2330616 0.2327102 1
0.4433095 0.3398368 1
0.6101632 0.5066905 1
0.7172898 0.7169384 1
0.7542031 0.95 1
0.7172898 1.183062 1
0.6101632 1.393309 1
0.4433096 1.560163 1
0.2330616 1.66729 1
-4.495401E-08 1.704203 1
-0.2330617 1.66729 1
-0.4433093 1.560163 1
-0.6101631 1.393309 1
-0.7172897 1.183062 1
-1.131305 0.95 1
-1.075935 0.6004076 1
-0.9152446 0.2850357 1
-0.6649642 0.03475529 1
-0.3495924 -0.1259347 1
-6.743101E-08 -0.1813045 1
0.3495924 -0.1259348 1
0.6649641 0.03475523 1
0.9152448 0.2850358 1
1.075935 0.6004076 1
1.131305 0.9500001 1
1.075935 1.299592 1
0.9152448 1.614964 1
0.6649644 1.865245 1
0.3495924 2.025934 1
-6.743101E-08 2.081305 1
-0.3495926 2.025935 1
-0.664964 1.865245 1
-0.9152446 1.614964 1
-1.075935 1.299592 1
-1.508406 0.95 1
-1.434579 0.4838768 1
-1.220326 0.06338102 1
-0.8866189 -0.2703262 1
-0.4661232 -0.4845795 1
-8.990801E-08 -0.5584061 1
0.4661233 -0.4845796 1
0.8866189 -0.2703263 1
1.220326 0.06338108 1
1.43458 0.4838767 1
1.508406 0.9500001 1
1.43458 1.416123 1
1.220326 1.836619 1
0.8866193 2.170326 1
0.4661233 2.384579 1
-8.990801E-08 2.458406 1
-0.4661234 2.384579 1
-0.8866187 2.170326 1
-1.220326 1.836619 1
-1.434579 1.416123 1
-1.885508 0.95 1
-1.793224 0.367346 1
-1.525408 -0.1582738 1
-1.108274 -0.5754078 1
-0.5826539 -0.8432245 1
-1.12385E-07 -0.9355076 1
0.5826541 -0.8432246 1
1.108274 -0.5754079 1
1.525408 -0.1582736 1
1.793225 0.3673459 1
1.885508 0.9500002 1
1.793225 1.532654 1
1.525408 2.058274 1
1.108274 2.475408 1
0.5826541 2.743224 1
-1.12385E-07 2.835508 1
-0.5826543 2.743224 1
-1.108273 2.475408 1
-1.525408 2.058274 1
-1.793224 1.532654 1
-2.262609 0.95 1
-2.151869 0.2508152 1
-1.830489 -0.3799285 1
-1.329928 -0.8804894 1
-0.6991847 -1.201869 1
-1.34862E-07 -1.312609 1
0.6991848 -1.201869 1
1.329928 -0.8804895 1
1.83049 -0.3799283 1
2.15187 0.2508152 1
2.262609 0.9500002 1
2.15187 1.649185 1
1.83049 2.279928 1
1.329929 2.780489 1
0.6991848 3.101869 1
-1.34862E-07 3.212609 1
-0.6991851 3.101869 1
-1.329928 2.780489 1
-1.830489 2.279928 1
-2.151869 1.649185 1
-2.639711 0.95 1
-2.510514 0.1342844 1
-2.135571 -0.6015833 1
-1.551583 -1.185571 1
-0.8157156 -1.560514 0
-1.57339E-07 -1.689711 0
0.8157157 -1.560514 0
1.551583 -1.185571 1
2.135571 -0.6015832 1
2.510514 0.1342843 1
2.639711 0.9500002 1
2.510514 1.765715 1
2.135571 2.501583 1
1.551584 3.085571 1
0.8157157 3.460514 1
-1.57339E-07 3.589711 1
-0.815716 3.460514 1
-1.551583 3.085571 1
-2.135571 2.501583 1
-2.510514 1.765715 1
-3.016812 0.95 1
-2.869159 0.0177536 1
-2.440652 -0.823238 1
-1.773238 -1.490652 0
-0.9322463 -1.919159 0
-1.79816E-07 -2.066812 0
0.9322465 -1.919159 0
1.773238 -1.490653 0
2.440653 -0.8232378 1
2.869159 0.01775348 1
3.016812 0.9500002 1
2.869159 1.882246 1
2.440653 2.723238 1
1.773239 3.390652 1
0.9322465 3.819159 1
-1.79816E-07 3.966812 1
-0.9322469 3.819159 1
-1.773237 3.390653 1
-2.440652 2.723238 1
-2.869159 1.882246 1
-3.393914 0.95 1
-3.227804 -0.09877712 1
-2.745734 -1.044893 0
-1.994892 -1.795734 0
-1.048777 -2.277804 0
-2.02293E-07 -2.443913 0
1.048777 -2.277804 0
1.994892 -1.795734 0
2.745734 -1.044893 0
3.227804 -0.09877723 1
3.393914 0.9500003 1
3.227804 1.998777 1
2.745734 2.944892 1
1.994893 3.695734 1
1.048777 4.177804 1
-2.02293E-07 4.343914 1
-1.048778 4.177804 1
-1.994892 3.695734 1
-2.745734 2.944893 1
-3.227804 1.998777 1
-3.771015 0.95 1
-3.586449 -0.215308 1
-3.050816 -1.266547 0
-2.216547 -2.100816 0
-1.165308 -2.636449 0
-2.2477E-07 -2.821015 0
1.165308 -2.636449 0
2.216547 -2.100816 0
3.050816 -1.266547 0
3.586449 -0.2153081 1
3.771015 0.9500003 1
3.586449 2.115308 1
3.050816 3.166547 1
2.216548 4.000815 0
1.165308 4.536448 0
-2.2477E-07 4.721015 0
-1.165309 4.536448 0
-2.216547 4.000816 0
-3.050815 3.166548 1
-3.586449 2.115308 1
-4.148117 0.95 1
-3.945094 -0.3318388 0
-3.355897 -1.488202 0
-2.438202 -2.405897 0
-1.281839 -2.995094 0
-2.47247E-07 -3.198117 0
1.281839 -2.995094 0
2.438202 -2.405897 0
3.355897 -1.488202 0
3.945094 -0.3318389 0
4.148117 0.9500003 1
3.945094 2.231838 1
3.355897 3.388202 0
2.438203 4.305897 0
1.281839 4.895093 0
-2.47247E-07 5.098116 0
-1.281839 4.895093 0
-2.438201 4.305897 0
-3.355897 3.388202 0
-3.945094 2.231838 1
-4.525218 0.95 0
-4.303739 -0.4483696 0
-3.660979 -1.709857 0
-2.659857 -2.710979 0
-1.398369 -3.353739 0
-2.69724E-07 -3.575218 0
1.39837 -3.353739 0
2.659857 -2.710979 0
3.660979 -1.709857 0
4.303739 -0.4483697 0
4.525218 0.9500004 0
4.303739 2.348369 0
3.660979 3.609856 0
2.659858 4.610978 0
1.39837 5.253738 0
-2.69724E-07 5.475218 0
-1.39837 5.253738 0
-2.659856 4.610979 0
-3.660978 3.609857 0
-4.303739 2.348369 0
-4.90232 0.95 0
-4.662383 -0.5649003 0
-3.96606 -1.931512 0
-2.881511 -3.01606 0
-1.5149 -3.712384 0
-2.92201E-07 -3.952319 0
1.5149 -3.712384 0
2.881511 -3.01606 0
3.96606 -1.931511 0
4.662384 -0.5649005 0
4.90232 0.9500004 0
4.662384 2.4649 0
3.96606 3.831511 0
2.881512 4.916059 0
1.5149 5.612382 0
-2.92201E-07 5.852319 0
-1.514901 5.612383 0
-2.88151 4.91606 0
-3.96606 3.831512 0
-4.662384 2.4649 0
-5.279422 0.95 0
-5.021029 -0.6814312 0
-4.271142 -2.153167 0
-3.103166 -3.321142 0
-1.631431 -4.071029 0
-3.146781E-07 -4.329422 0
1.631431 -4.071029 0
3.103166 -3.321142 0
4.271142 -2.153166 0
5.021029 -0.6814315 0
5.279422 0.9500005 0
5.021029 2.581431 0
4.271142 4.053166 0
3.103168 5.221141 0
1.631431 5.971028 0
-3.146781E-07 6.229421 0
-1.631432 5.971028 0
-3.103165 5.221142 0
-4.271142 4.053166 0
-5.021029 2.581431 0
-5.656523 0.95 0
-5.379673 -0.797962 0
-4.576223 -2.374821 0
-3.324821 -3.626223 0
-1.747962 -4.429674 0
-3.371551E-07 -4.706523 0
1.747962 -4.429674 0
3.324821 -3.626224 0
4.576224 -2.374821 0
5.379674 -0.7979622 0
5.656523 0.9500005 0
5.379674 2.697962 0
4.576224 4.27482 0
3.324822 5.526223 0
1.747962 6.329672 0
-3.371551E-07 6.606523 0
-1.747963 6.329673 0
-3.32482 5.526224 0
-4.576223 4.274821 0
-5.379673 2.697962 0
