0 0 0
0 0.03225806 0
0 0.06451613 0
0 0.09677419 0
0 0.1290323 0
0 0.1612903 0
0 0.1935484 0
0 0.2258064 0
0 0.2580645 0
0 0.2903226 0
0 0.3225806 0
0 0.3548387 1
0 0.3870968 1
0 0.4193548 1
0 0.4516129 1
0 0.483871 1
0 0.516129 1
0 0.5483871 1
0 0.5806451 1
0 0.6129032 1
0 0.6451613 1
0 0.6774194 0
0 0.7096774 0
0 0.7419355 0
0 0.7741935 0
0 0.8064516 0
0 0.8387097 0
0 0.8709677 0
0 0.9032258 0
0 0.9354839 0
0 0.9677419 0
0 1 0
0.05882353 0 0
0.05882353 0.03225806 0
0.05882353 0.06451613 0
0.05882353 0.09677419 0
0.05882353 0.1290323 0
0.05882353 0.1612903 0
0.05882353 0.1935484 0
0.05882353 0.2258064 0
0.05882353 0.2580645 0
0.05882353 0.2903226 1
0.05882353 0.3225806 1
0.05882353 0.3548387 1
0.05882353 0.3870968 1
0.05882353 0.4193548 1
0.05882353 0.4516129 1
0.05882353 0.483871 1
0.05882353 0.516129 1
0.05882353 0.5483871 1
0.05882353 0.5806451 1
0.05882353 0.6129032 1
0.05882353 0.6451613 1
0.05882353 0.6774194 1
0.05882353 0.7096774 1
0.05882353 0.7419355 0
0.05882353 0.7741935 0
0.05882353 0.8064516 0
0.05882353 0.8387097 0
0.05882353 0.8709677 0
0.05882353 0.9032258 0
0.05882353 0.9354839 0
0.05882353 0.9677419 0
0.05882353 1 0
0.1176471 0 0
0.1176471 0.03225806 0
0.1176471 0.06451613 0
0.1176471 0.09677419 0
0.1176471 0.1290323 0
0.1176471 0.1612903 0
0.1176471 0.1935484 0
0.1176471 0.2258064 0
0.1176471 0.2580645 1
0.1176471 0.2903226 1
0.1176471 0.3225806 1
0.1176471 0.3548387 1
0.1176471 0.3870968 1
0.1176471 0.4193548 1
0.1176471 0.4516129 1
0.1176471 0.483871 1
0.1176471 0.516129 1
0.1176471 0.5483871 1
0.1176471 0.5806451 1
0.1176471 0.6129032 1
0.1176471 0.6451613 1
0.1176471 0.6774194 1
0.1176471 0.7096774 1
0.1176471 0.7419355 1
0.1176471 0.7741935 0
0.1176471 0.8064516 0
0.1176471 0.8387097 0
0.1176471 0.8709677 0
0.1176471 0.9032258 0
0.1176471 0.9354839 0
0.1176471 0.9677419 0
0.1176471 1 0
0.1764706 0 0
0.1764706 0.03225806 0
0.1764706 0.06451613 0
0.1764706 0.09677419 0
0.1764706 0.1290323 0
0.1764706 0.1612903 0
0.1764706 0.1935484 0
0.1764706 0.2258064 1
0.1764706 0.2580645 1
0.1764706 0.2903226 1
0.1764706 0.3225806 1
0.1764706 0.3548387 1
0.1764706 0.3870968 1
0.1764706 0.4193548 1
0.1764706 0.4516129 1
0.1764706 0.483871 1
0.1764706 0.516129 1
0.1764706 0.5483871 1
0.1764706 0.5806451 1
0.1764706 0.6129032 1
0.1764706 0.6451613 1
0.1764706 0.6774194 1
0.1764706 0.7096774 1
0.1764706 0.7419355 1
0.1764706 0.7741935 1
0.1764706 0.8064516 0
0.1764706 0.8387097 0
0.1764706 0.8709677 0
0.1764706 0.9032258 0
0.1764706 0.9354839 0
0.1764706 0.9677419 0
0.1764706 1 0
0.2352941 0 0
0.2352941 0.03225806 0
0.2352941 0.06451613 0
0.2352941 0.09677419 0
0.2352941 0.1290323 0
0.2352941 0.1612903 0
0.2352941 0.1935484 1
0.2352941 0.2258064 1
0.2352941 0.2580645 1
0.2352941 0.2903226 1
0.2352941 0.3225806 1
0.2352941 0.3548387 1
0.2352941 0.3870968 1
0.2352941 0.4193548 1
0.2352941 0.4516129 1
0.2352941 0.483871 1
0.2352941 0.516129 1
0.2352941 0.5483871 1
0.2352941 0.5806451 1
0.2352941 0.6129032 1
0.2352941 0.6451613 1
0.2352941 0.6774194 1
0.2352941 0.7096774 1
0.2352941 0.7419355 1
0.2352941 0.7741935 1
0.2352941 0.8064516 1
0.2352941 0.8387097 0
0.2352941 0.8709677 0
0.2352941 0.9032258 0
0.2352941 0.9354839 0
0.2352941 0.9677419 0
0.2352941 1 0
0.2941177 0 0
0.2941177 0.03225806 0
0.2941177 0.06451613 0
0.2941177 0.09677419 0
0.2941177 0.1290323 0
0.2941177 0.1612903 1
0.2941177 0.1935484 1
0.2941177 0.2258064 1
0.2941177 0.2580645 1
0.2941177 0.2903226 1
0.2941177 0.3225806 1
0.2941177 0.3548387 1
0.2941177 0.3870968 1
0.2941177 0.4193548 1
0.2941177 0.4516129 1
0.2941177 0.483871 1
0.2941177 0.516129 1
0.2941177 0.5483871 1
0.2941177 0.5806451 1
0.2941177 0.6129032 1
0.2941177 0.6451613 1
0.2941177 0.6774194 1
0.2941177 0.7096774 1
0.2941177 0.7419355 1
0.2941177 0.7741935 1
0.2941177 0.8064516 1
0.2941177 0.8387097 1
0.2941177 0.8709677 0
0.2941177 0.9032258 0
0.2941177 0.9354839 0
0.2941177 0.9677419 0
0.2941177 1 0
0.3529412 0 0
0.3529412 0.03225806 0
0.3529412 0.06451613 0
0.3529412 0.09677419 0
0.3529412 0.1290323 0
0.3529412 0.1612903 1
0.3529412 0.1935484 1
0.3529412 0.2258064 1
0.3529412 0.2580645 1
0.3529412 0.2903226 1
0.3529412 0.3225806 1
0.3529412 0.3548387 1
0.3529412 0.3870968 1
0.3529412 0.4193548 1
0.3529412 0.4516129 1
0.3529412 0.483871 1
0.3529412 0.516129 1
0.3529412 0.5483871 1
0.3529412 0.5806451 1
0.3529412 0.6129032 1
0.3529412 0.6451613 1
0.3529412 0.6774194 1
0.3529412 0.7096774 1
0.3529412 0.7419355 1
0.3529412 0.7741935 1
0.3529412 0.8064516 1
0.3529412 0.8387097 1
0.3529412 0.8709677 0
0.3529412 0.9032258 0
0.3529412 0.9354839 0
0.3529412 0.9677419 0
0.3529412 1 0
0.4117647 0 0
0.4117647 0.03225806 0
0.4117647 0.06451613 0
0.4117647 0.09677419 0
0.4117647 0.1290323 1
0.4117647 0.1612903 1
0.4117647 0.1935484 1
0.4117647 0.2258064 1
0.4117647 0.2580645 1
0.4117647 0.2903226 1
0.4117647 0.3225806 1
0.4117647 0.3548387 1
0.4117647 0.3870968 1
0.4117647 0.4193548 1
0.4117647 0.4516129 1
0.4117647 0.483871 1
0.4117647 0.516129 1
0.4117647 0.5483871 1
0.4117647 0.5806451 1
0.4117647 0.6129032 1
0.4117647 0.6451613 1
0.4117647 0.6774194 1
0.4117647 0.7096774 1
0.4117647 0.7419355 1
0.4117647 0.7741935 1
0.4117647 0.8064516 1
0.4117647 0.8387097 1
0.4117647 0.8709677 1
0.4117647 0.9032258 0
0.4117647 0.9354839 0
0.4117647 0.9677419 0
0.4117647 1 0
0.4705882 0 0
0.4705882 0.03225806 0
0.4705882 0.06451613 0
0.4705882 0.09677419 0
0.4705882 0.1290323 1
0.4705882 0.1612903 1
0.4705882 0.1935484 1
0.4705882 0.2258064 1
0.4705882 0.2580645 1
0.4705882 0.2903226 1
0.4705882 0.3225806 1
0.4705882 0.3548387 1
0.4705882 0.3870968 1
0.4705882 0.4193548 1
0.4705882 0.4516129 1
0.4705882 0.483871 1
0.4705882 0.516129 1
0.4705882 0.5483871 1
0.4705882 0.5806451 1
0.4705882 0.6129032 1
0.4705882 0.6451613 1
0.4705882 0.6774194 1
0.4705882 0.7096774 1
0.4705882 0.7419355 1
0.4705882 0.7741935 1
0.4705882 0.8064516 1
0.4705882 0.8387097 1
0.4705882 0.8709677 1
0.4705882 0.9032258 0
0.4705882 0.9354839 0
0.4705882 0.9677419 0
0.4705882 1 0
0.5294118 0 0
0.5294118 0.03225806 0
0.5294118 0.06451613 0
0.5294118 0.09677419 0
0.5294118 0.1290323 1
0.5294118 0.1612903 1
0.5294118 0.1935484 1
0.5294118 0.2258064 1
0.5294118 0.2580645 1
0.5294118 0.2903226 1
0.5294118 0.3225806 1
0.5294118 0.3548387 1
0.5294118 0.3870968 1
0.5294118 0.4193548 1
0.5294118 0.4516129 1
0.5294118 0.483871 1
0.5294118 0.516129 1
0.5294118 0.5483871 1
0.5294118 0.5806451 1
0.5294118 0.6129032 1
0.5294118 0.6451613 1
0.5294118 0.6774194 1
0.5294118 0.7096774 1
0.5294118 0.7419355 1
0.5294118 0.7741935 1
0.5294118 0.8064516 1
0.5294118 0.8387097 1
0.5294118 0.8709677 1
0.5294118 0.9032258 0
0.5294118 0.9354839 0
0.5294118 0.9677419 0
0.5294118 1 0
0.5882353 0 0
0.5882353 0.03225806 0
0.5882353 0.06451613 0
0.5882353 0.09677419 0
0.5882353 0.1290323 0
0.5882353 0.1612903 1
0.5882353 0.1935484 1
0.5882353 0.2258064 1
0.5882353 0.2580645 1
0.5882353 0.2903226 1
0.5882353 0.3225806 1
0.5882353 0.3548387 1
0.5882353 0.3870968 1
0.5882353 0.4193548 1
0.5882353 0.4516129 1
0.5882353 0.483871 1
0.5882353 0.516129 1
0.5882353 0.5483871 1
0.5882353 0.5806451 1
0.5882353 0.6129032 1
0.5882353 0.6451613 1
0.5882353 0.6774194 1
0.5882353 0.7096774 1
0.5882353 0.7419355 1
0.5882353 0.7741935 1
0.5882353 0.8064516 1
0.5882353 0.8387097 1
0.5882353 0.8709677 0
0.5882353 0.9032258 0
0.5882353 0.9354839 0
0.5882353 0.9677419 0
0.5882353 1 0
0.6470588 0 0
0.6470588 0.03225806 0
0.6470588 0.06451613 0
0.6470588 0.09677419 0
0.6470588 0.1290323 0
0.6470588 0.1612903 1
0.6470588 0.1935484 1
0.6470588 0.2258064 1
0.6470588 0.2580645 1
0.6470588 0.2903226 1
0.6470588 0.3225806 1
0.6470588 0.3548387 1
0.6470588 0.3870968 1
0.6470588 0.4193548 1
0.6470588 0.4516129 1
0.6470588 0.483871 1
0.6470588 0.516129 1
0.6470588 0.5483871 1
0.6470588 0.5806451 1
0.6470588 0.6129032 1
0.6470588 0.6451613 1
0.6470588 0.6774194 1
0.6470588 0.7096774 1
0.6470588 0.7419355 1
0.6470588 0.7741935 1
0.6470588 0.8064516 1
0.6470588 0.8387097 1
0.6470588 0.8709677 0
0.6470588 0.9032258 0
0.6470588 0.9354839 0
0.6470588 0.9677419 0
0.6470588 1 0
0.7058824 0 0
0.7058824 0.03225806 0
0.7058824 0.06451613 0
0.7058824 0.09677419 0
0.7058824 0.1290323 0
0.7058824 0.1612903 0
0.7058824 0.1935484 1
0.7058824 0.2258064 1
0.7058824 0.2580645 1
0.7058824 0.2903226 1
0.7058824 0.3225806 1
0.7058824 0.3548387 1
0.7058824 0.3870968 1
0.7058824 0.4193548 1
0.7058824 0.4516129 1
0.7058824 0.483871 1
0.7058824 0.516129 1
0.7058824 0.5483871 1
0.7058824 0.5806451 1
0.7058824 0.6129032 1
0.7058824 0.6451613 1
0.7058824 0.6774194 1
0.7058824 0.7096774 1
0.7058824 0.7419355 1
0.7058824 0.7741935 1
0.7058824 0.8064516 1
0.7058824 0.8387097 0
0.7058824 0.8709677 0
0.7058824 0.9032258 0
0.7058824 0.9354839 0
0.7058824 0.9677419 0
0.7058824 1 0
0.7647059 0 0
0.7647059 0.03225806 0
0.7647059 0.06451613 0
0.7647059 0.09677419 0
0.7647059 0.1290323 0
0.7647059 0.1612903 0
0.7647059 0.1935484 0
0.7647059 0.2258064 1
0.7647059 0.2580645 1
0.7647059 0.2903226 1
0.7647059 0.3225806 1
0.7647059 0.3548387 1
0.7647059 0.3870968 1
0.7647059 0.4193548 1
0.7647059 0.4516129 1
0.7647059 0.483871 1
0.7647059 0.516129 1
0.7647059 0.5483871 1
0.7647059 0.5806451 1
0.7647059 0.6129032 1
0.7647059 0.6451613 1
0.7647059 0.6774194 1
0.7647059 0.7096774 1
0.7647059 0.7419355 1
0.7647059 0.7741935 1
0.7647059 0.8064516 0
0.7647059 0.8387097 0
0.7647059 0.8709677 0
0.7647059 0.9032258 0
0.7647059 0.9354839 0
0.7647059 0.9677419 0
0.7647059 1 0
0.8235294 0 0
0.8235294 0.03225806 0
0.8235294 0.06451613 0
0.8235294 0.09677419 0
0.8235294 0.1290323 0
0.8235294 0.1612903 0
0.8235294 0.1935484 0
0.8235294 0.2258064 0
0.8235294 0.2580645 0
0.8235294 0.2903226 0
0.8235294 0.3225806 1
0.8235294 0.3548387 1
0.8235294 0.3870968 1
0.8235294 0.4193548 1
0.8235294 0.4516129 1
0.8235294 0.483871 1
0.8235294 0.516129 1
0.8235294 0.5483871 1
0.8235294 0.5806451 1
0.8235294 0.6129032 1
0.8235294 0.6451613 1
0.8235294 0.6774194 1
0.8235294 0.7096774 0
0.8235294 0.7419355 0
0.8235294 0.7741935 0
0.8235294 0.8064516 0
0.8235294 0.8387097 0
0.8235294 0.8709677 0
0.8235294 0.9032258 0
0.8235294 0.9354839 0
0.8235294 0.9677419 0
0.8235294 1 0
0.8823529 0 0
0.8823529 0.03225806 0
0.8823529 0.06451613 0
0.8823529 0.09677419 0
0.8823529 0.1290323 0
0.8823529 0.1612903 0
0.8823529 0.1935484 0
0.8823529 0.2258064 0
0.8823529 0.2580645 0
0.8823529 0.2903226 0
0.8823529 0.3225806 0
0.8823529 0.3548387 0
0.8823529 0.3870968 0
0.8823529 0.4193548 0
0.8823529 0.4516129 0
0.8823529 0.483871 0
0.8823529 0.516129 0
0.8823529 0.5483871 0
0.8823529 0.5806451 0
0.8823529 0.6129032 0
0.8823529 0.6451613 0
0.8823529 0.6774194 0
0.8823529 0.7096774 0
0.8823529 0.7419355 0
0.8823529 0.7741935 0
0.8823529 0.8064516 0
0.8823529 0.8387097 0
0.8823529 0.8709677 0
0.8823529 0.9032258 0
0.8823529 0.9354839 0
0.8823529 0.9677419 0
0.8823529 1 0
0.9411765 0 0
0.9411765 0.03225806 0
0.9411765 0.06451613 0
0.9411765 0.09677419 0
0.9411765 0.1290323 0
0.9411765 0.1612903 0
0.9411765 0.1935484 0
0.9411765 0.2258064 0
0.9411765 0.2580645 0
0.9411765 0.2903226 0
0.9411765 0.3225806 0
0.9411765 0.3548387 0
0.9411765 0.3870968 0
0.9411765 0.4193548 0
0.9411765 0.4516129 0
0.9411765 0.483871 0
0.9411765 0.516129 0
0.9411765 0.5483871 0
0.9411765 0.5806451 0
0.9411765 0.6129032 0
0.9411765 0.6451613 0
0.9411765 0.6774194 0
0.9411765 0.7096774 0
0.9411765 0.7419355 0
0.9411765 0.7741935 0
0.9411765 0.8064516 0
0.9411765 0.8387097 0
0.9411765 0.8709677 0
0.9411765 0.9032258 0
0.9411765 0.9354839 0
0.9411765 0.9677419 0
0.9411765 1 0
1 0 0
1 0.03225806 0
1 0.06451613 0
1 0.09677419 0
1 0.1290323 0
1 0.1612903 0
1 0.1935484 0
1 0.2258064 0
1 0.2580645 0
1 0.2903226 0
1 0.3225806 0
1 0.3548387 0
1 0.3870968 0
1 0.4193548 0
1 0.4516129 0
1 0.483871 0
1 0.516129 0
1 0.5483871 0
1 0.5806451 0
1 0.6129032 0
1 0.6451613 0
1 0.6774194 0
1 0.7096774 0
1 0.7419355 0
1 0.7741935 0
1 0.8064516 0
1 0.8387097 0
1 0.8709677 0
1 0.9032258 0
1 0.9354839 0
1 0.9677419 0
1 1 0
