0.000000045269120 0.0 0.051771120
0.000000045269120 0.0 0.051771120
0.000000045269120 0.0 0.051771120
0.000000045269120 0.0 0.051771120
0.000000045269120 0.0 0.051771120
0.000000045269120 0.0 0.051771120
0.000000045269120 0.0 0.051771120
0.000000045269120 0.0 0.051771120
0.000000045269120 0.0 0.051771120
0.000000045269120 0.0 0.051771120
0.000000045269120 0.0 0.051771120
0.000000045269120 0.0 0.051771120
0.000000045269120 0.0 0.051771120
0.000000045269120 0.0 0.051771120
0.000000045269120 0.0 0.051771120
0.000000045269120 0.0 0.051771120
0.000000045269120 0.0 0.051771120
0.000000045269120 0.0 0.051771120
0.000000045269120 0.0 0.051771120
0.000000045269120 0.0 0.051771120
0.000000045269120 0.0 0.051771120
0.000000045269120 0.0 0.051771120
0.000000045269120 0.0 0.051771120
0.000000045269120 0.0 0.051771120
0.000000045269120 0.0 0.051771120
0.000000045269120 0.0 0.051771120
0.000000045269120 0.0 0.051771120
0.000000045269120 0.0 0.051771120
0.000000045269120 0.0 0.051771120
0.000000045269120 0.0 0.051771120
0.000000045269120 0.0 0.051771120
0.000000045269120 0.0 0.051771120
0.000000045269120 0.0 0.051771120
0.000000045269120 0.0 0.051771120
0.000000045269120 0.0 0.051771120
0.000000045269120 0.0 0.051771120
0.000000045269120 0.0 0.051771120
0.000000042858540 0.0 0.11171670
0.009301630 0.0 0.10596620
0.018585440 0.0 0.10506430
0.027833960 0.0 0.10356290
0.036390940 0.0 0.096098360
0.042807090 0.0 0.088699030
0.048919980 0.0 0.081015070
0.05207420 0.0 0.068514550
0.054299240 0.0 0.061899860
0.055278980 0.0 0.050059120
0.053067830 0.0 0.03966440
0.050856670 0.0 0.029269680
0.045945510 0.0 0.020098490
0.040917850 0.0 0.016538530
0.033909440 0.0 0.0078974230
0.026800410 0.0 0.0045242590
0.018715960 0.0 0.00090658010
0.0097458220 0.0 -0.0032292390
0.000000047460550 0.0 -0.0027247850
-0.0097457270 0.0 -0.0032291980
-0.018715770 0.0 0.00090658010
-0.026800290 0.0 0.0045242590
-0.033909330 0.0 0.0078974230
-0.040917750 0.0 0.016538530
-0.045945340 0.0 0.020098490
-0.050856580 0.0 0.029269640
-0.053067730 0.0 0.039664360
-0.05527890 0.0 0.050059120
-0.054299050 0.0 0.06189990
-0.052074080 0.0 0.068514550
-0.048919850 0.0 0.081015070
-0.042806870 0.0 0.088699030
-0.036390830 0.0 0.096098360
-0.027833730 0.0 0.1035630
-0.018585320 0.0 0.10506430
-0.0093014550 0.0 0.10596620
0.000000040667110 0.0 0.16621250
0.019904020 0.0 0.16505340
0.039110150 0.0 0.15620060
0.057505350 0.0 0.1452250
0.074984990 0.0 0.13226010
0.089523460 0.0 0.1186210
0.09971780 0.0 0.10007030
0.10356390 0.0 0.078892980
0.10982860 0.0 0.0611210
0.11013350 0.0 0.04156340
0.10485270 0.0 0.020604470
0.10122330 0.0 0.0044648460
0.091628070 0.0 -0.012198580
0.080097090 0.0 -0.026992790
0.066179040 0.0 -0.03990780
0.052233160 0.0 -0.047491450
0.034998220 0.0 -0.054769980
0.017876280 0.0 -0.059538840
0.000000049871120 0.0 -0.062670290
-0.017876170 0.0 -0.059538840
-0.034998130 0.0 -0.054769980
-0.052233050 0.0 -0.047491450
-0.066178920 0.0 -0.03990780
-0.080096980 0.0 -0.026992790
-0.091627960 0.0 -0.012198580
-0.10122320 0.0 0.0044648460
-0.10485260 0.0 0.020604470
-0.11013340 0.0 0.04156340
-0.10982840 0.0 0.061121080
-0.10356380 0.0 0.078892980
-0.099717680 0.0 0.10007030
-0.089523260 0.0 0.11862110
-0.074984920 0.0 0.13226010
-0.057505260 0.0 0.1452250
-0.039110050 0.0 0.15620070
-0.019903960 0.0 0.16505340
0.000000038475680 0.0 0.22070850
0.032880130 0.0 0.2179410
0.06206970 0.0 0.20518310
0.089828680 0.0 0.18812490
0.11365140 0.0 0.16855290
0.13578380 0.0 0.1459220
0.14993680 0.0 0.11355360
0.15792340 0.0 0.084468490
0.16393630 0.0 0.055369530
0.16258540 0.0 0.027010230
0.15573860 0.0 -0.0019593990
0.14645530 0.0 -0.027656880
0.13143420 0.0 -0.052050450
0.11429060 0.0 -0.072627660
0.095054430 0.0 -0.089475580
0.07342570 0.0 -0.10285850
0.048678140 0.0 -0.114060
0.025325670 0.0 -0.11918350
0.00000005228170 0.0 -0.12261580
-0.025325550 0.0 -0.11918350
-0.048678030 0.0 -0.114060
-0.073425570 0.0 -0.10285850
-0.09505430 0.0 -0.089475530
-0.11429050 0.0 -0.072627630
-0.1314340 0.0 -0.05205040
-0.14645520 0.0 -0.027656880
-0.15573840 0.0 -0.0019593990
-0.16258530 0.0 0.027010280
-0.16393620 0.0 0.055369530
-0.15792330 0.0 0.084468490
-0.14993670 0.0 0.11355360
-0.13578370 0.0 0.1459220
-0.11365130 0.0 0.16855290
-0.089828620 0.0 0.18812490
-0.062069480 0.0 0.20518310
-0.032880010 0.0 0.2179410
0.000000036284250 0.0 0.27520440
0.045540060 0.0 0.27048420
0.086462790 0.0 0.25231330
0.12641790 0.0 0.23163170
0.15993260 0.0 0.2007860
0.183690 0.0 0.16493970
0.20419110 0.0 0.12632710
0.21685470 0.0 0.084726030
0.2201880 0.0 0.045178630
0.21641150 0.0 0.0065542760
0.20696250 0.0 -0.032697540
0.19327720 0.0 -0.063839540
0.17465510 0.0 -0.094548740
0.14999140 0.0 -0.11998530
0.12397610 0.0 -0.14110370
0.09673680 0.0 -0.15762090
0.064538210 0.0 -0.17018540
0.033528580 0.0 -0.17628810
0.000000054473130 0.0 -0.17711170
-0.033528470 0.0 -0.17628810
-0.064538110 0.0 -0.17018540
-0.096736680 0.0 -0.15762090
-0.1239760 0.0 -0.14110370
-0.14999130 0.0 -0.11998530
-0.1746550 0.0 -0.094548780
-0.19327710 0.0 -0.063839540
-0.20696240 0.0 -0.032697460
-0.21641140 0.0 0.0065543180
-0.22018780 0.0 0.045178630
-0.21685450 0.0 0.084725980
-0.2041910 0.0 0.12632710
-0.18368980 0.0 0.16493980
-0.15993250 0.0 0.2007860
-0.12641780 0.0 0.23163170
-0.086462660 0.0 0.25231330
-0.045539990 0.0 0.27048430
0.000000034092820 0.0 0.32970030
0.060074840 0.0 0.32230130
0.1154940 0.0 0.30182040
0.16076870 0.0 0.26813930
0.20666410 0.0 0.22766710
0.23617280 0.0 0.17897490
0.25884010 0.0 0.12962560
0.272380 0.0 0.078168770
0.27243730 0.0 0.028056110
0.26879490 0.0 -0.019774380
0.25828350 0.0 -0.066672730
0.23618890 0.0 -0.10610890
0.21177820 0.0 -0.14021830
0.18568240 0.0 -0.1711290
0.15037390 0.0 -0.19422340
0.11393590 0.0 -0.21423150
0.079889650 0.0 -0.22856440
0.040305070 0.0 -0.23640780
0.000000054692270 0.0 -0.23705720
-0.040304960 0.0 -0.23640780
-0.079889540 0.0 -0.22856440
-0.11393580 0.0 -0.21423150
-0.15037380 0.0 -0.19422340
-0.18568230 0.0 -0.1711290
-0.21177810 0.0 -0.14021830
-0.23618880 0.0 -0.10610880
-0.25828330 0.0 -0.066672650
-0.26879480 0.0 -0.01977430
-0.27243720 0.0 0.028056190
-0.27237980 0.0 0.078168850
-0.25884010 0.0 0.12962560
-0.23617270 0.0 0.17897490
-0.2066640 0.0 0.22766710
-0.16076850 0.0 0.26813940
-0.1154940 0.0 0.30182040
-0.060074750 0.0 0.32230130
0.000000032120530 0.0 0.37874660
0.073031030 0.0 0.37424960
0.14361610 0.0 0.34474270
0.20339630 0.0 0.30200320
0.25220060 0.0 0.25181970
0.29040160 0.0 0.19158490
0.31727780 0.0 0.12563770
0.32639590 0.0 0.06390850
0.33042410 0.0 0.0031466730
0.32169320 0.0 -0.054879750
0.30450230 0.0 -0.10560850
0.2803440 0.0 -0.15140960
0.2496670 0.0 -0.1904150
0.21304050 0.0 -0.22359630
0.17430460 0.0 -0.25072940
0.1332450 0.0 -0.27208080
0.089153120 0.0 -0.28610350
0.045271010 0.0 -0.2956960
0.00000005228170 0.0 -0.29700270
-0.04527090 0.0 -0.2956960
-0.089153010 0.0 -0.28610350
-0.13324490 0.0 -0.27208080
-0.17430450 0.0 -0.25072940
-0.21304040 0.0 -0.22359630
-0.24966690 0.0 -0.1904150
-0.28034390 0.0 -0.15140960
-0.30450220 0.0 -0.10560850
-0.32169310 0.0 -0.054879750
-0.33042390 0.0 0.0031466310
-0.32639570 0.0 0.063908580
-0.31727760 0.0 0.12563770
-0.29040150 0.0 0.19158490
-0.25220040 0.0 0.25181970
-0.20339620 0.0 0.30200320
-0.14361610 0.0 0.34474270
-0.073030890 0.0 0.37424960
0.00000002992910 0.0 0.43324260
0.09020060 0.0 0.41919030
0.17445950 0.0 0.38490550
0.24671210 0.0 0.33234070
0.30622830 0.0 0.26850310
0.34766520 0.0 0.19280310
0.37380930 0.0 0.11656420
0.38289770 0.0 0.042877190
0.38113650 0.0 -0.026251460
0.37041570 0.0 -0.093106740
0.35068580 0.0 -0.15058580
0.31981650 0.0 -0.20153480
0.28222640 0.0 -0.24273210
0.24180720 0.0 -0.2794780
0.19873720 0.0 -0.30837260
0.15186030 0.0 -0.33202430
0.10382570 0.0 -0.34837590
0.050930150 0.0 -0.35482470
0.000000049651980 0.0 -0.36239780
-0.050930040 0.0 -0.35482470
-0.10382560 0.0 -0.34837590
-0.15186020 0.0 -0.33202430
-0.19873710 0.0 -0.30837260
-0.2418070 0.0 -0.2794780
-0.28222630 0.0 -0.24273220
-0.31981640 0.0 -0.20153470
-0.35068570 0.0 -0.15058570
-0.37041550 0.0 -0.093106740
-0.38113640 0.0 -0.026251460
-0.38289760 0.0 0.042877190
-0.37380920 0.0 0.11656430
-0.3476650 0.0 0.19280310
-0.30622820 0.0 0.26850310
-0.24671210 0.0 0.33234070
-0.17445940 0.0 0.38490540
-0.090200260 0.0 0.41919030
0.000000027737670 0.0 0.48773840
0.10986090 0.0 0.46846510
0.20952360 0.0 0.42693870
0.29320150 0.0 0.35656290
0.35781010 0.0 0.27617390
0.40469540 0.0 0.18722440
0.42958710 0.0 0.10075340
0.44149070 0.0 0.015515810
0.43791430 0.0 -0.065909290
0.42009240 0.0 -0.13886450
0.39333750 0.0 -0.19963270
0.35553190 0.0 -0.25128350
0.31759740 0.0 -0.30131440
0.26999640 0.0 -0.33599110
0.22140260 0.0 -0.36986850
0.16550630 0.0 -0.39133560
0.11343750 0.0 -0.41019150
0.056468630 0.0 -0.4169730
0.00000004724140 0.0 -0.42234330
-0.056468540 0.0 -0.4169730
-0.11343740 0.0 -0.41019150
-0.16550620 0.0 -0.39133560
-0.22140250 0.0 -0.36986850
-0.26999630 0.0 -0.3359910
-0.31759730 0.0 -0.30131440
-0.35553180 0.0 -0.25128360
-0.39333740 0.0 -0.19963250
-0.42009230 0.0 -0.13886440
-0.43791410 0.0 -0.065909330
-0.44149050 0.0 0.015515810
-0.4295870 0.0 0.10075350
-0.40469530 0.0 0.18722440
-0.357810 0.0 0.27617390
-0.29320140 0.0 0.35656290
-0.20952350 0.0 0.42693870
-0.10986090 0.0 0.46846510
0.000000025765380 0.0 0.53678470
0.13131760 0.0 0.51660920
0.24560580 0.0 0.4606780
0.34492660 0.0 0.37832960
0.42009540 0.0 0.27668080
0.46626730 0.0 0.17328290
0.49426730 0.0 0.071416740
0.4994360 0.0 -0.025236760
0.48787140 0.0 -0.10817870
0.46664520 0.0 -0.18565550
0.43278330 0.0 -0.25466630
0.39162840 0.0 -0.3069490
0.34635020 0.0 -0.35701610
0.29443750 0.0 -0.39506050
0.24138160 0.0 -0.42905940
0.18306110 0.0 -0.4541240
0.12231150 0.0 -0.46872380
0.060663550 0.0 -0.47854410
0.000000044830830 0.0 -0.48228880
-0.060663440 0.0 -0.47854410
-0.12231130 0.0 -0.46872380
-0.1830610 0.0 -0.4541240
-0.24138160 0.0 -0.42905940
-0.29443740 0.0 -0.39506050
-0.34635010 0.0 -0.35701610
-0.39162830 0.0 -0.3069490
-0.43278320 0.0 -0.25466630
-0.46664510 0.0 -0.18565530
-0.48787120 0.0 -0.10817870
-0.49943590 0.0 -0.025236760
-0.49426720 0.0 0.071416910
-0.46626730 0.0 0.17328270
-0.42009530 0.0 0.27668080
-0.34492640 0.0 0.37832970
-0.24560580 0.0 0.4606780
-0.13131760 0.0 0.51660920
0.000000023573950 0.0 0.59128060
0.15454390 0.0 0.56351670
0.29007470 0.0 0.49181830
0.40296240 0.0 0.38747440
0.48159160 0.0 0.27167570
0.53194620 0.0 0.14951630
0.55345760 0.0 0.033190170
0.55480690 0.0 -0.072194740
0.53945380 0.0 -0.16090390
0.51056250 0.0 -0.24285080
0.47270950 0.0 -0.31452440
0.42714030 0.0 -0.37354550
0.37413290 0.0 -0.42268180
0.3181330 0.0 -0.46053530
0.25712580 0.0 -0.49182340
0.19487250 0.0 -0.51418980
0.13065810 0.0 -0.53212290
0.066829730 0.0 -0.54422050
0.000000042201110 0.0 -0.5476840
-0.066829630 0.0 -0.54422050
-0.1306580 0.0 -0.53212290
-0.19487250 0.0 -0.51418980
-0.25712570 0.0 -0.49182340
-0.31813290 0.0 -0.46053530
-0.37413280 0.0 -0.42268180
-0.42714020 0.0 -0.37354550
-0.47270940 0.0 -0.31452440
-0.51056240 0.0 -0.24285060
-0.53945360 0.0 -0.16090390
-0.55480680 0.0 -0.072194740
-0.55345740 0.0 0.033190380
-0.5319460 0.0 0.14951640
-0.48159150 0.0 0.27167590
-0.40296210 0.0 0.38747450
-0.29007440 0.0 0.49181850
-0.15454350 0.0 0.56351680
0.000000021601660 0.0 0.6403270
0.18432370 0.0 0.6067310
0.34373720 0.0 0.51783010
0.46616190 0.0 0.39083350
0.54447060 0.0 0.25613090
0.592330 0.0 0.11845050
0.61379780 0.0 -0.008113410
0.60750760 0.0 -0.12310410
0.58455880 0.0 -0.21737070
0.55159960 0.0 -0.30296290
0.50970350 0.0 -0.37729940
0.45674680 0.0 -0.43633190
0.3998570 0.0 -0.4861810
0.33985580 0.0 -0.52458430
0.27398030 0.0 -0.55665350
0.2057980 0.0 -0.57985270
0.13808520 0.0 -0.59474560
0.06904130 0.0 -0.605510
0.000000039790540 0.0 -0.60762940
-0.069041160 0.0 -0.605510
-0.13808510 0.0 -0.59474560
-0.20579780 0.0 -0.57985270
-0.27398020 0.0 -0.55665350
-0.33985570 0.0 -0.52458420
-0.39985690 0.0 -0.48618090
-0.45674680 0.0 -0.43633190
-0.50970330 0.0 -0.37729930
-0.55159940 0.0 -0.30296290
-0.58455880 0.0 -0.21737070
-0.60750750 0.0 -0.12310390
-0.61379770 0.0 -0.0081134520
-0.59232990 0.0 0.11845070
-0.54447050 0.0 0.2561310
-0.46616180 0.0 0.39083350
-0.34373710 0.0 0.51783010
-0.18432370 0.0 0.6067310
0.000000019410230 0.0 0.69482290
0.21631280 0.0 0.64774360
0.40053020 0.0 0.53654740
0.53146530 0.0 0.38380670
0.61723270 0.0 0.22656710
0.66089260 0.0 0.071085450
0.67355380 0.0 -0.069498490
0.66156330 0.0 -0.18413170
0.63042770 0.0 -0.28335130
0.59286740 0.0 -0.37267920
0.54073040 0.0 -0.43963230
0.4840630 0.0 -0.49969570
0.423270 0.0 -0.55045120
0.35918240 0.0 -0.58956060
0.28827590 0.0 -0.62244020
0.21650630 0.0 -0.64349780
0.14561960 0.0 -0.66233160
0.07467110 0.0 -0.6708240
0.000000037160820 0.0 -0.67302450
-0.074670980 0.0 -0.6708240
-0.14561960 0.0 -0.66233160
-0.21650620 0.0 -0.64349780
-0.28827580 0.0 -0.62244020
-0.35918230 0.0 -0.58956060
-0.42326990 0.0 -0.55045120
-0.48406290 0.0 -0.49969560
-0.54073030 0.0 -0.43963230
-0.59286740 0.0 -0.37267920
-0.63042760 0.0 -0.28335130
-0.66156310 0.0 -0.18413140
-0.67355350 0.0 -0.069498490
-0.66089250 0.0 0.071085650
-0.61723250 0.0 0.22656730
-0.53146520 0.0 0.38380660
-0.40053010 0.0 0.53654740
-0.21631260 0.0 0.64774360
0.000000017437940 0.0 0.74386920
0.25714550 0.0 0.6881220
0.46004490 0.0 0.547510
0.60776130 0.0 0.36409120
0.69219960 0.0 0.17379660
0.72776610 0.0 0.0096583640
0.72986330 0.0 -0.13416060
0.70891050 0.0 -0.2556870
0.67633820 0.0 -0.35963250
0.62786230 0.0 -0.44184330
0.57351070 0.0 -0.51921180
0.51104210 0.0 -0.57111020
0.4427480 0.0 -0.61988310
0.37430160 0.0 -0.6590790
0.30089320 0.0 -0.68807880
0.22820880 0.0 -0.7112980
0.15100270 0.0 -0.72456230
0.075676650 0.0 -0.73752930
0.000000034531110 0.0 -0.73841970
-0.075676580 0.0 -0.73752930
-0.15100260 0.0 -0.72456240
-0.22820870 0.0 -0.7112980
-0.3008930 0.0 -0.68807880
-0.37430140 0.0 -0.6590790
-0.44274780 0.0 -0.61988310
-0.5110420 0.0 -0.57111020
-0.57351070 0.0 -0.51921170
-0.62786230 0.0 -0.44184340
-0.6763380 0.0 -0.35963250
-0.70891050 0.0 -0.25568690
-0.72986320 0.0 -0.13416060
-0.72776590 0.0 0.009658570
-0.69219950 0.0 0.17379680
-0.60776110 0.0 0.36409120
-0.46004480 0.0 0.547510
-0.25714540 0.0 0.6881220
0.000000015246510 0.0 0.79836520
0.30073610 0.0 0.7247480
0.53605070 0.0 0.54419240
0.6881120 0.0 0.32113880
0.76691810 0.0 0.11614880
0.79187760 0.0 -0.065691440
0.78676470 0.0 -0.21998640
0.75616630 0.0 -0.33750990
0.71430270 0.0 -0.44453140
0.66086980 0.0 -0.52808850
0.60015780 0.0 -0.59660670
0.530580 0.0 -0.64574160
0.46079060 0.0 -0.68805020
0.38798010 0.0 -0.72761060
0.31279760 0.0 -0.75266050
0.2343650 0.0 -0.77668730
0.15838750 0.0 -0.79087820
0.077168360 0.0 -0.79825070
0.000000031901390 0.0 -0.80381480
-0.077168320 0.0 -0.79825070
-0.15838750 0.0 -0.79087820
-0.23436490 0.0 -0.77668720
-0.31279750 0.0 -0.75266050
-0.38798010 0.0 -0.72761060
-0.46079050 0.0 -0.68805010
-0.53057990 0.0 -0.64574170
-0.60015770 0.0 -0.59660680
-0.66086960 0.0 -0.52808840
-0.71430250 0.0 -0.44453130
-0.75616620 0.0 -0.33750990
-0.78676470 0.0 -0.21998630
-0.79187760 0.0 -0.06569120
-0.76691810 0.0 0.1161490
-0.68811180 0.0 0.32113880
-0.53605090 0.0 0.54419210
-0.3007360 0.0 0.7247480
0.000000012835940 0.0 0.85831070
0.36183860 0.0 0.75775380
0.62869440 0.0 0.51824820
0.78063670 0.0 0.25768350
0.84592060 0.0 0.02257830
0.85980290 0.0 -0.16530540
0.84240280 0.0 -0.3190510
0.7989250 0.0 -0.42928650
0.74924730 0.0 -0.52825680
0.68757750 0.0 -0.61126290
0.62187150 0.0 -0.66938080
0.55187590 0.0 -0.72095760
0.47803950 0.0 -0.76340130
0.40121880 0.0 -0.79421870
0.32368740 0.0 -0.82389940
0.24260030 0.0 -0.84538250
0.16352220 0.0 -0.85807840
0.081741150 0.0 -0.86352650
0.000000029271670 0.0 -0.86920980
-0.081741060 0.0 -0.86352650
-0.16352210 0.0 -0.85807840
-0.24260020 0.0 -0.84538250
-0.32368720 0.0 -0.82389940
-0.40121860 0.0 -0.79421870
-0.47803940 0.0 -0.76340130
-0.55187580 0.0 -0.72095760
-0.62187150 0.0 -0.66938090
-0.68757740 0.0 -0.6112630
-0.74924720 0.0 -0.52825680
-0.7989250 0.0 -0.42928640
-0.84240260 0.0 -0.31905080
-0.85980280 0.0 -0.16530520
-0.84592060 0.0 0.022578590
-0.78063670 0.0 0.25768350
-0.62869420 0.0 0.51824820
-0.36183850 0.0 0.7577540
0.000000010206220 0.0 0.92370570
0.44819370 0.0 0.77509650
0.73583460 0.0 0.47172190
0.8764780 0.0 0.16271420
0.9266430 0.0 -0.089643440
0.92156470 0.0 -0.2813970
0.88604830 0.0 -0.41782020
0.84004250 0.0 -0.53182380
0.78080370 0.0 -0.6310440
0.71307830 0.0 -0.70267210
0.64317570 0.0 -0.76021810
0.5692120 0.0 -0.80057750
0.49113490 0.0 -0.84262910
0.40984060 0.0 -0.87275620
0.3287930 0.0 -0.89304520
0.24785990 0.0 -0.91555090
0.16638130 0.0 -0.92603320
0.08131340 0.0 -0.93003970
0.000000026641960 0.0 -0.93460480
-0.081313220 0.0 -0.93003970
-0.16638120 0.0 -0.92603320
-0.24785970 0.0 -0.91555090
-0.32879280 0.0 -0.89304520
-0.40984050 0.0 -0.87275620
-0.49113480 0.0 -0.84262930
-0.56921190 0.0 -0.80057740
-0.64317570 0.0 -0.7602180
-0.71307810 0.0 -0.70267210
-0.78080370 0.0 -0.63104390
-0.84004250 0.0 -0.53182390
-0.88604830 0.0 -0.41782020
-0.92156460 0.0 -0.28139690
-0.92664280 0.0 -0.08964320
-0.87647780 0.0 0.16271450
-0.73583450 0.0 0.47172190
-0.44819370 0.0 0.77509650
0.000000007138220 0.0 1.0
0.56009720 0.0 0.77957810
0.86991670 0.0 0.36427660
0.98046310 0.0 0.020366690
1.0 0.0 -0.22274470
0.97574270 0.0 -0.41307040
0.92950680 0.0 -0.54057660
0.87165420 0.0 -0.64210440
0.80245820 0.0 -0.72698790
0.73365360 0.0 -0.78801410
0.65677820 0.0 -0.8420060
0.57944180 0.0 -0.880830
0.50138090 0.0 -0.91504450
0.41593740 0.0 -0.9445440
0.33685680 0.0 -0.96416930
0.25304010 0.0 -0.97880480
0.16583680 0.0 -0.98941450
0.083971730 0.0 -0.99565390
0.000000024012240 0.0 -1.0
-0.083971660 0.0 -0.99565390
-0.16583660 0.0 -0.98941450
-0.253040 0.0 -0.97880480
-0.33685670 0.0 -0.96416930
-0.41593720 0.0 -0.9445440
-0.50138080 0.0 -0.91504450
-0.57944170 0.0 -0.880830
-0.6567780 0.0 -0.84200610
-0.73365350 0.0 -0.78801410
-0.80245810 0.0 -0.7269880
-0.87165420 0.0 -0.64210440
-0.92950670 0.0 -0.54057660
-0.97574250 0.0 -0.41307030
-1.0 0.0 -0.22274450
-0.98046330 0.0 0.020366650
-0.86991660 0.0 0.36427660
-0.56009720 0.0 0.77957810
18.0 36.0 649.0
