-5.96046e-08 0.153122 0
-5.96046e-08 0.0194055 0
0.0188713 0.0181756 0
0.0500965 0.0335031 0
0.0718458 0.0363312 0
0.0868239 0.0522723 0
0.102861 0.0668709 0
0.123062 0.0901192 0
0.129372 0.110317 0
0.122862 0.138936 0
0.131434 0.16982 0
0.120021 0.188397 0
0.110014 0.216996 0
0.0966219 0.234426 0
0.0824169 0.251083 0
0.0506769 0.27074 0
0.034489 0.284593 0
-5.96046e-08 0.28684 0
-0.0344892 0.284593 0
-0.0506769 0.27074 0
-0.0824169 0.251083 0
-0.096622 0.234426 0
-0.110014 0.216996 0
-0.120022 0.188397 0
-0.131434 0.16982 0
-0.122862 0.138936 0
-0.129372 0.110317 0
-0.123062 0.0901192 0
-0.102861 0.0668709 0
-0.0868242 0.0522723 0
-0.0718459 0.0363312 0
-0.0500966 0.0335031 0
-0.0188714 0.0181756 0
-5.96046e-08 -0.114312 0
0.0459656 -0.115265 0
0.0842452 -0.106387 0
0.124781 -0.0818061 0
0.163665 -0.0594847 0
0.198172 -0.0327305 0
0.225696 0.00491011 0
0.242858 0.0587056 0
0.25221 0.107033 0
0.259162 0.157205 0
0.259079 0.200159 0
0.236689 0.250737 0
0.210303 0.299182 0
0.158326 0.345463 0
0.121744 0.37435 0
0.0623717 0.403313 0
-1.78814e-07 0.409414 0
-0.0623716 0.403313 0
-0.121744 0.37435 0
-0.158326 0.345463 0
-0.210303 0.299182 0
-0.236689 0.250737 0
-0.259079 0.200159 0
-0.259162 0.157205 0
-0.25221 0.107033 0
-0.242858 0.0587056 0
-0.225696 0.00491011 0
-0.198172 -0.0327305 0
-0.163665 -0.0594847 0
-0.124782 -0.0818061 0
-0.0842453 -0.106387 0
-0.0459658 -0.115265 0
-5.96046e-08 -0.259173 0
0.0596048 -0.257437 0
0.119274 -0.238955 0
0.17802 -0.219975 0
0.234987 -0.193169 0
0.28766 -0.147488 0
0.331105 -0.099059 0
0.351006 -0.0310432 0
0.381498 0.0249771 0
0.39143 0.105306 0
0.388931 0.183315 0
0.353094 0.271344 0
0.331802 0.341606 0
0.251674 0.417792 0
0.18897 0.471116 0
0.0959425 0.508318 0
-5.96046e-08 0.520846 0
-0.0959427 0.508318 0
-0.18897 0.471116 0
-0.251674 0.417792 0
-0.331803 0.341606 0
-0.353095 0.271344 0
-0.388931 0.183315 0
-0.39143 0.105306 0
-0.381498 0.0249771 0
-0.351006 -0.0310432 0
-0.331105 -0.099059 0
-0.28766 -0.147488 0
-0.234987 -0.193169 0
-0.17802 -0.219975 0
-0.119274 -0.238955 0
-0.0596049 -0.257437 0
-5.96046e-08 -0.404034 0
0.0743544 -0.396859 0
0.154354 -0.387591 0
0.227941 -0.36373 0
0.29837 -0.323187 0
0.358045 -0.280414 0
0.41454 -0.222295 0
0.466521 -0.149389 0
0.498456 -0.0691895 0
0.52425 0.0203408 0
0.510819 0.136408 0
0.485725 0.252502 0
0.44348 0.358122 0
0.364015 0.472127 0
0.268211 0.554677 0
0.137362 0.620968 0
-5.96046e-08 0.64342 0
-0.137362 0.620968 0
-0.268211 0.554677 0
-0.364016 0.472127 0
-0.44348 0.358122 0
-0.485725 0.252502 0
-0.510819 0.136408 0
-0.52425 0.0203408 0
-0.498456 -0.0691895 0
-0.466521 -0.14939 0
-0.41454 -0.222295 0
-0.358045 -0.280414 0
-0.298371 -0.323187 0
-0.227941 -0.36373 0
-0.154354 -0.387591 0
-0.0743545 -0.396859 0
-5.96046e-08 -0.548894 0
0.0933295 -0.545001 0
0.177307 -0.525787 0
0.26491 -0.509558 0
0.348919 -0.467935 0
0.419118 -0.414039 0
0.490905 -0.367843 0
0.551986 -0.267777 0
0.599602 -0.185933 0
0.641466 -0.0915054 0
0.645481 0.046882 0
0.629161 0.18506 0
0.568653 0.347471 0
0.489288 0.493164 0
0.358386 0.622677 0
0.181649 0.708017 0
-5.96046e-08 0.743708 0
-0.181649 0.708017 0
-0.358386 0.622677 0
-0.489288 0.493164 0
-0.568653 0.347471 0
-0.629162 0.18506 0
-0.645481 0.046883 0
-0.641466 -0.0915054 0
-0.599602 -0.185933 0
-0.551986 -0.267777 0
-0.490905 -0.367843 0
-0.419118 -0.414039 0
-0.34892 -0.467935 0
-0.26491 -0.509558 0
-0.177307 -0.525787 0
-0.0933297 -0.545001 0
-5.96046e-08 -0.704897 0
0.0970385 -0.701647 0
0.195445 -0.683884 0
0.285979 -0.661878 0
0.381498 -0.632468 0
0.477094 -0.562905 0
0.555321 -0.525817 0
0.629212 -0.427375 0
0.693712 -0.348949 0
0.736358 -0.207597 0
0.772059 -0.100572 0
0.757738 0.107861 0
0.728503 0.26224 0
0.623433 0.476984 0
0.453949 0.663813 0
0.265579 0.785249 0
-5.96046e-08 0.843995 0
-0.26558 0.785249 0
-0.453949 0.663813 0
-0.623433 0.476984 0
-0.728503 0.26224 0
-0.757738 0.107861 0
-0.772059 -0.100572 0
-0.736358 -0.207597 0
-0.693712 -0.348949 0
-0.629212 -0.427375 0
-0.555321 -0.525817 0
-0.477095 -0.562905 0
-0.381498 -0.632468 0
-0.285979 -0.661878 0
-0.195445 -0.683884 0
-0.0970387 -0.701647 0
-5.96046e-08 -0.849758 0
0.0985543 -0.85268 0
0.205325 -0.834508 0
0.312741 -0.813111 0
0.414643 -0.77859 0
0.510819 -0.743898 0
0.607026 -0.679002 0
0.692348 -0.580614 0
0.772059 -0.506919 0
0.833051 -0.412518 0
0.880193 -0.246391 0
0.897059 -0.067677 0
0.862979 0.165029 0
0.761946 0.420705 0
0.590172 0.657477 0
0.32287 0.859578 0
-1.78814e-07 0.933142 0
-0.32287 0.859578 0
-0.590172 0.657477 0
-0.761946 0.420705 0
-0.86298 0.165029 0
-0.897059 -0.067677 0
-0.880193 -0.246391 0
-0.833052 -0.412518 0
-0.772059 -0.506918 0
-0.692348 -0.580614 0
-0.607027 -0.679002 0
-0.510819 -0.743898 0
-0.414643 -0.77859 0
-0.312741 -0.813111 0
-0.205325 -0.834508 0
-0.0985544 -0.85268 0
-5.96046e-08 -0.994618 0
0.103425 -1 0
0.214569 -0.990484 0
0.336348 -0.957937 0
0.427641 -0.941974 0
0.527189 -0.907477 0
0.633675 -0.849758 0
0.738089 -0.760024 0
0.826013 -0.692438 0
0.889305 -0.597987 0
0.959497 -0.429029 0
0.999542 -0.238613 0
1 -0.0405872 0
0.924336 0.267669 0
0.764127 0.571326 0
0.417158 0.892227 0
-5.96046e-08 1 0
-0.417158 0.892227 0
-0.764128 0.571326 0
-0.924336 0.267669 0
-1 -0.0405872 0
-0.999542 -0.238613 0
-0.959497 -0.429028 0
-0.889305 -0.597986 0
-0.826014 -0.692438 0
-0.738089 -0.760024 0
-0.633675 -0.849758 0
-0.527189 -0.907477 0
-0.427641 -0.941974 0
-0.336348 -0.957937 0
-0.214569 -0.990484 0
-0.103425 -1 0
8 32 257
