0.50 0.0 0.52588560
0.50 0.0 0.52588560
0.50 0.0 0.52588560
0.50 0.0 0.52588560
0.50 0.0 0.52588560
0.50 0.0 0.52588560
0.50 0.0 0.52588560
0.50 0.0 0.52588560
0.50 0.0 0.52588560
0.50 0.0 0.52588560
0.50 0.0 0.52588560
0.50 0.0 0.52588560
0.50 0.0 0.52588560
0.50 0.0 0.52588560
0.50 0.0 0.52588560
0.50 0.0 0.52588560
0.50 0.0 0.52588560
0.50 0.0 0.52588560
0.50 0.0 0.52588560
0.50 0.0 0.52588560
0.50 0.0 0.52588560
0.50 0.0 0.52588560
0.50 0.0 0.52588560
0.50 0.0 0.52588560
0.50 0.0 0.52588560
0.50 0.0 0.52588560
0.50 0.0 0.52588560
0.50 0.0 0.52588560
0.50 0.0 0.52588560
0.50 0.0 0.52588560
0.50 0.0 0.52588560
0.50 0.0 0.52588560
0.50 0.0 0.52588560
0.50 0.0 0.52588560
0.50 0.0 0.52588560
0.50 0.0 0.52588560
0.50 0.0 0.52588560
0.50 0.0 0.55585830
0.50465080 0.0 0.55298310
0.50929270 0.0 0.55253210
0.5139170 0.0 0.55178150
0.51819550 0.0 0.54804920
0.52140360 0.0 0.54434950
0.524460 0.0 0.54050760
0.52603710 0.0 0.53425730
0.52714960 0.0 0.530950
0.52763950 0.0 0.52502950
0.52653390 0.0 0.51983220
0.52542840 0.0 0.51463480
0.52297280 0.0 0.51004920
0.52045890 0.0 0.50826930
0.51695470 0.0 0.50394870
0.51340020 0.0 0.50226210
0.5093580 0.0 0.50045330
0.50487290 0.0 0.49838540
0.50 0.0 0.49863760
0.49512710 0.0 0.49838540
0.49064210 0.0 0.50045330
0.48659990 0.0 0.50226210
0.48304530 0.0 0.50394870
0.47954110 0.0 0.50826930
0.47702730 0.0 0.51004920
0.47457170 0.0 0.51463480
0.47346610 0.0 0.51983220
0.47236060 0.0 0.52502950
0.47285050 0.0 0.530950
0.4739630 0.0 0.53425730
0.47554010 0.0 0.54050760
0.47859660 0.0 0.54434950
0.48180460 0.0 0.54804920
0.48608310 0.0 0.55178150
0.49070730 0.0 0.55253210
0.49534930 0.0 0.55298310
0.50 0.0 0.58310630
0.5099520 0.0 0.58252670
0.51955510 0.0 0.57810030
0.52875270 0.0 0.57261250
0.53749250 0.0 0.566130
0.54476170 0.0 0.55931050
0.54985890 0.0 0.55003510
0.5517820 0.0 0.53944650
0.55491430 0.0 0.53056050
0.55506680 0.0 0.52078170
0.55242630 0.0 0.51030220
0.55061160 0.0 0.50223240
0.5458140 0.0 0.49390070
0.54004850 0.0 0.48650360
0.53308950 0.0 0.48004610
0.52611650 0.0 0.47625430
0.51749910 0.0 0.4726150
0.50893810 0.0 0.47023060
0.50 0.0 0.46866490
0.49106190 0.0 0.47023060
0.48250090 0.0 0.4726150
0.47388350 0.0 0.47625430
0.46691050 0.0 0.48004610
0.45995150 0.0 0.48650360
0.4541860 0.0 0.49390070
0.44938840 0.0 0.50223240
0.44757370 0.0 0.51030220
0.44493330 0.0 0.52078170
0.44508580 0.0 0.53056060
0.44821810 0.0 0.53944650
0.45014120 0.0 0.55003510
0.45523840 0.0 0.55931060
0.46250750 0.0 0.566130
0.47124740 0.0 0.57261250
0.4804450 0.0 0.57810030
0.4900480 0.0 0.58252670
0.50 0.0 0.61035420
0.51644010 0.0 0.60897050
0.53103480 0.0 0.60259160
0.54491440 0.0 0.59406240
0.55682570 0.0 0.58427640
0.56789190 0.0 0.5729610
0.57496840 0.0 0.55677680
0.57896170 0.0 0.54223420
0.58196820 0.0 0.52768470
0.58129270 0.0 0.51350510
0.57786930 0.0 0.49902030
0.57322760 0.0 0.48617160
0.56571710 0.0 0.47397480
0.55714530 0.0 0.46368620
0.54752720 0.0 0.45526220
0.53671280 0.0 0.44857080
0.52433910 0.0 0.442970
0.51266280 0.0 0.44040830
0.50 0.0 0.43869210
0.48733720 0.0 0.44040830
0.4756610 0.0 0.442970
0.46328720 0.0 0.44857080
0.45247280 0.0 0.45526220
0.44285480 0.0 0.46368620
0.4342830 0.0 0.47397480
0.42677240 0.0 0.48617160
0.42213080 0.0 0.49902030
0.41870740 0.0 0.51350520
0.41803190 0.0 0.52768470
0.42103840 0.0 0.54223420
0.42503170 0.0 0.55677680
0.43210820 0.0 0.5729610
0.44317440 0.0 0.58427640
0.45508570 0.0 0.59406240
0.46896530 0.0 0.60259160
0.483560 0.0 0.60897050
0.50 0.0 0.63760220
0.522770 0.0 0.63524210
0.54323140 0.0 0.62615660
0.56320890 0.0 0.61581590
0.57996630 0.0 0.6003930
0.5918450 0.0 0.58246990
0.60209550 0.0 0.56316350
0.60842730 0.0 0.5423630
0.6100940 0.0 0.52258930
0.60820570 0.0 0.50327710
0.60348130 0.0 0.48365120
0.59663860 0.0 0.46808020
0.58732750 0.0 0.45272560
0.57499570 0.0 0.44000730
0.56198810 0.0 0.42944810
0.54836840 0.0 0.42118950
0.53226910 0.0 0.41490730
0.51676430 0.0 0.41185590
0.50 0.0 0.41144420
0.48323580 0.0 0.41185590
0.46773090 0.0 0.41490730
0.45163170 0.0 0.42118960
0.4380120 0.0 0.42944820
0.42500440 0.0 0.44000730
0.41267250 0.0 0.45272560
0.40336140 0.0 0.46808020
0.39651880 0.0 0.48365130
0.39179430 0.0 0.50327720
0.38990610 0.0 0.52258930
0.39157270 0.0 0.5423630
0.39790450 0.0 0.56316350
0.40815510 0.0 0.58246990
0.42003380 0.0 0.6003930
0.43679110 0.0 0.61581590
0.45676870 0.0 0.62615660
0.477230 0.0 0.63524220
0.50 0.0 0.66485010
0.53003740 0.0 0.66115060
0.5577470 0.0 0.65091020
0.58038440 0.0 0.63406970
0.6033320 0.0 0.61383350
0.61808640 0.0 0.58948750
0.62942010 0.0 0.56481280
0.636190 0.0 0.53908440
0.63621870 0.0 0.51402810
0.63439740 0.0 0.49011280
0.62914170 0.0 0.46666360
0.61809440 0.0 0.44694560
0.60588910 0.0 0.42989080
0.59284120 0.0 0.41443550
0.5751870 0.0 0.40288830
0.5569680 0.0 0.39288420
0.53994480 0.0 0.38571780
0.52015250 0.0 0.38179610
0.50 0.0 0.38147140
0.47984750 0.0 0.38179610
0.46005520 0.0 0.38571780
0.44303210 0.0 0.39288420
0.42481310 0.0 0.40288830
0.40715890 0.0 0.41443550
0.39411090 0.0 0.42989080
0.38190560 0.0 0.44694560
0.37085830 0.0 0.46666370
0.36560260 0.0 0.49011280
0.36378140 0.0 0.51402810
0.36381010 0.0 0.53908440
0.370580 0.0 0.56481280
0.38191360 0.0 0.58948750
0.3966680 0.0 0.61383350
0.41961580 0.0 0.63406970
0.4422530 0.0 0.65091020
0.46996260 0.0 0.66115060
0.50 0.0 0.68937330
0.53651550 0.0 0.68712480
0.5718080 0.0 0.67237130
0.60169820 0.0 0.65100160
0.62610030 0.0 0.62590990
0.64520080 0.0 0.59579240
0.65863890 0.0 0.56281880
0.6631980 0.0 0.53195420
0.6652120 0.0 0.50157330
0.66084660 0.0 0.47256010
0.65225110 0.0 0.44719570
0.6401720 0.0 0.42429520
0.62483350 0.0 0.40479250
0.60652020 0.0 0.38820180
0.58715230 0.0 0.37463530
0.56662250 0.0 0.36395960
0.54457660 0.0 0.35694820
0.52263550 0.0 0.3521520
0.50 0.0 0.35149860
0.47736450 0.0 0.3521520
0.45542350 0.0 0.35694820
0.43337760 0.0 0.36395960
0.41284770 0.0 0.37463530
0.39347980 0.0 0.38820180
0.37516660 0.0 0.40479250
0.35982810 0.0 0.42429520
0.34774890 0.0 0.44719570
0.33915340 0.0 0.47256010
0.33478810 0.0 0.50157330
0.33680220 0.0 0.53195430
0.34136120 0.0 0.56281890
0.35479920 0.0 0.59579240
0.37389980 0.0 0.62590990
0.39830190 0.0 0.65100160
0.4281920 0.0 0.67237130
0.46348460 0.0 0.68712480
0.50 0.0 0.71662130
0.54510030 0.0 0.70959520
0.58722970 0.0 0.69245280
0.62335610 0.0 0.66617040
0.65311410 0.0 0.63425150
0.67383260 0.0 0.59640160
0.68690470 0.0 0.55828210
0.69144890 0.0 0.52143860
0.69056830 0.0 0.48687430
0.68520780 0.0 0.45344660
0.67534290 0.0 0.42470710
0.65990820 0.0 0.39923260
0.64111320 0.0 0.37863390
0.62090360 0.0 0.3602610
0.59936860 0.0 0.34581370
0.57593010 0.0 0.33398790
0.55191280 0.0 0.32581210
0.52546510 0.0 0.32258770
0.50 0.0 0.31880110
0.4745350 0.0 0.32258770
0.44808720 0.0 0.32581210
0.42406990 0.0 0.33398780
0.40063150 0.0 0.34581370
0.37909650 0.0 0.3602610
0.35888690 0.0 0.37863390
0.34009180 0.0 0.39923260
0.32465710 0.0 0.42470710
0.31479220 0.0 0.45344660
0.30943180 0.0 0.48687430
0.30855120 0.0 0.52143860
0.31309540 0.0 0.55828210
0.32616750 0.0 0.59640160
0.34688590 0.0 0.63425150
0.3766440 0.0 0.66617040
0.41277030 0.0 0.69245270
0.45489990 0.0 0.70959520
0.50 0.0 0.74386920
0.55493040 0.0 0.73423250
0.60476180 0.0 0.71346930
0.64660080 0.0 0.67828140
0.67890510 0.0 0.6380870
0.70234770 0.0 0.59361220
0.71479360 0.0 0.55037670
0.72074530 0.0 0.50775790
0.71895710 0.0 0.46704540
0.71004620 0.0 0.43056770
0.69666870 0.0 0.40018370
0.6777660 0.0 0.37435820
0.65879880 0.0 0.34934280
0.63499820 0.0 0.33200450
0.61070130 0.0 0.31506570
0.58275310 0.0 0.30433220
0.55671880 0.0 0.29490430
0.52823430 0.0 0.29151350
0.50 0.0 0.28882830
0.47176570 0.0 0.29151350
0.44328130 0.0 0.29490430
0.41724690 0.0 0.30433220
0.38929870 0.0 0.31506570
0.36500190 0.0 0.33200450
0.34120130 0.0 0.34934280
0.32223410 0.0 0.37435820
0.30333130 0.0 0.40018370
0.28995390 0.0 0.43056780
0.28104290 0.0 0.46704530
0.27925470 0.0 0.50775790
0.28520650 0.0 0.55037680
0.29765240 0.0 0.59361220
0.3210950 0.0 0.63808690
0.35339930 0.0 0.67828140
0.39523830 0.0 0.71346930
0.44506960 0.0 0.73423250
0.50 0.0 0.76839240
0.56565880 0.0 0.75830460
0.62280290 0.0 0.7303390
0.67246330 0.0 0.68916480
0.71004770 0.0 0.63834040
0.73313370 0.0 0.58664140
0.74713370 0.0 0.53570840
0.7497180 0.0 0.48738160
0.74393570 0.0 0.44591060
0.73332260 0.0 0.40717230
0.71639170 0.0 0.37266690
0.69581420 0.0 0.34652550
0.67317510 0.0 0.32149190
0.64721870 0.0 0.30246970
0.62069080 0.0 0.28547030
0.59153060 0.0 0.2729380
0.56115570 0.0 0.26563810
0.53033180 0.0 0.2607280
0.50 0.0 0.25885560
0.46966830 0.0 0.2607280
0.43884430 0.0 0.26563810
0.40846950 0.0 0.2729380
0.37930920 0.0 0.28547030
0.35278130 0.0 0.30246970
0.3268250 0.0 0.32149190
0.30418590 0.0 0.34652550
0.28360840 0.0 0.37266690
0.26667750 0.0 0.40717240
0.25606440 0.0 0.44591060
0.2502820 0.0 0.48738160
0.25286640 0.0 0.53570840
0.26686640 0.0 0.58664140
0.28995240 0.0 0.63834040
0.32753680 0.0 0.68916490
0.37719710 0.0 0.7303390
0.43434120 0.0 0.75830460
0.50 0.0 0.79564030
0.57727190 0.0 0.78175840
0.64503740 0.0 0.74590920
0.70148120 0.0 0.69373720
0.74079580 0.0 0.63583790
0.76597310 0.0 0.57475810
0.77672880 0.0 0.51659510
0.77740350 0.0 0.46390260
0.76972690 0.0 0.41954810
0.75528120 0.0 0.37857460
0.73635480 0.0 0.34273780
0.71357010 0.0 0.31322730
0.68706650 0.0 0.28865910
0.65906650 0.0 0.26973240
0.62856290 0.0 0.25408830
0.59743620 0.0 0.24290510
0.5653290 0.0 0.23393850
0.53341480 0.0 0.22788970
0.50 0.0 0.2261580
0.46658520 0.0 0.22788970
0.4346710 0.0 0.23393850
0.40256380 0.0 0.24290510
0.37143710 0.0 0.25408830
0.34093360 0.0 0.26973240
0.31293360 0.0 0.28865910
0.28642990 0.0 0.31322720
0.26364530 0.0 0.34273780
0.24471880 0.0 0.37857470
0.23027320 0.0 0.4195480
0.22259660 0.0 0.46390260
0.22327130 0.0 0.51659520
0.2340270 0.0 0.57475820
0.25920420 0.0 0.6358380
0.29851890 0.0 0.69373720
0.35496280 0.0 0.74590930
0.42272820 0.0 0.78175840
0.50 0.0 0.82016350
0.59216180 0.0 0.80336550
0.67186860 0.0 0.75891510
0.7330810 0.0 0.69541670
0.77223530 0.0 0.62806540
0.7961650 0.0 0.55922530
0.80689890 0.0 0.49594330
0.80375380 0.0 0.4384480
0.79227940 0.0 0.39131460
0.77579980 0.0 0.34851860
0.75485170 0.0 0.31135030
0.72837340 0.0 0.2818340
0.69992850 0.0 0.25690950
0.66992790 0.0 0.23770790
0.63699010 0.0 0.22167330
0.6028990 0.0 0.21007360
0.56904260 0.0 0.20262720
0.53452060 0.0 0.1972450
0.50 0.0 0.19618530
0.46547940 0.0 0.1972450
0.43095750 0.0 0.20262720
0.39710110 0.0 0.21007360
0.36300990 0.0 0.22167330
0.33007210 0.0 0.23770790
0.30007160 0.0 0.25690950
0.27162660 0.0 0.2818340
0.24514830 0.0 0.31135030
0.22420030 0.0 0.34851860
0.20772060 0.0 0.39131470
0.19624630 0.0 0.43844810
0.19310120 0.0 0.49594330
0.2038350 0.0 0.55922530
0.22776480 0.0 0.62806550
0.26691910 0.0 0.69541670
0.32813140 0.0 0.75891510
0.40783810 0.0 0.80336550
0.50 0.0 0.84741150
0.60815640 0.0 0.82387190
0.70026510 0.0 0.76827370
0.76573260 0.0 0.69190340
0.80861630 0.0 0.61328360
0.83044630 0.0 0.53554270
0.83677690 0.0 0.46525080
0.83078160 0.0 0.40793420
0.81521380 0.0 0.35832440
0.79643370 0.0 0.31366040
0.77036520 0.0 0.28018390
0.74203150 0.0 0.25015220
0.7116350 0.0 0.22477440
0.67959120 0.0 0.20521970
0.6441380 0.0 0.18877990
0.60825310 0.0 0.17825110
0.57280980 0.0 0.16883420
0.53733560 0.0 0.1645880
0.50 0.0 0.16348770
0.46266450 0.0 0.1645880
0.42719020 0.0 0.16883420
0.39174690 0.0 0.17825110
0.35586210 0.0 0.18877990
0.32040890 0.0 0.20521970
0.2883650 0.0 0.22477440
0.25796850 0.0 0.25015220
0.22963490 0.0 0.28018390
0.20356630 0.0 0.31366040
0.18478620 0.0 0.35832430
0.16921850 0.0 0.40793430
0.16322320 0.0 0.46525080
0.16955370 0.0 0.53554280
0.19138370 0.0 0.61328360
0.23426740 0.0 0.69190330
0.29973490 0.0 0.76827370
0.39184370 0.0 0.82387190
0.50 0.0 0.87193470
0.62857280 0.0 0.8440610
0.73002250 0.0 0.7737550
0.80388060 0.0 0.68204560
0.84609980 0.0 0.58689830
0.8638830 0.0 0.50482920
0.86493160 0.0 0.43291970
0.85445520 0.0 0.37215650
0.83816910 0.0 0.32018380
0.81393120 0.0 0.27907830
0.78675530 0.0 0.24039410
0.75552110 0.0 0.21444490
0.7213740 0.0 0.19005840
0.68715080 0.0 0.17046050
0.65044660 0.0 0.15596060
0.61410440 0.0 0.1443510
0.57550130 0.0 0.13771880
0.53783830 0.0 0.13123540
0.50 0.0 0.13079020
0.46216170 0.0 0.13123540
0.42449870 0.0 0.13771880
0.38589560 0.0 0.1443510
0.34955350 0.0 0.15596060
0.31284930 0.0 0.17046050
0.27862610 0.0 0.19005850
0.2444790 0.0 0.21444490
0.21324470 0.0 0.24039420
0.18606880 0.0 0.27907830
0.1618310 0.0 0.32018380
0.14554480 0.0 0.37215660
0.13506840 0.0 0.43291970
0.13611710 0.0 0.50482930
0.15390030 0.0 0.58689840
0.19611940 0.0 0.68204560
0.26997760 0.0 0.7737550
0.37142730 0.0 0.8440610
0.50 0.0 0.89918260
0.6503680 0.0 0.86237390
0.76802530 0.0 0.77209620
0.8440560 0.0 0.66056940
0.88345910 0.0 0.55807440
0.89593880 0.0 0.46715430
0.89338240 0.0 0.39000680
0.87808320 0.0 0.33124510
0.85715130 0.0 0.27773430
0.83043490 0.0 0.23595580
0.80007890 0.0 0.20169660
0.765290 0.0 0.17712920
0.73039530 0.0 0.15597490
0.69399010 0.0 0.13619470
0.65639880 0.0 0.12366980
0.61718250 0.0 0.11165630
0.57919380 0.0 0.10456090
0.53858420 0.0 0.10087470
0.50 0.0 0.098092630
0.46141580 0.0 0.10087470
0.42080630 0.0 0.10456090
0.38281750 0.0 0.11165640
0.34360130 0.0 0.12366980
0.306010 0.0 0.13619470
0.26960470 0.0 0.15597490
0.234710 0.0 0.17712920
0.19992110 0.0 0.20169660
0.16956520 0.0 0.23595580
0.14284870 0.0 0.27773440
0.12191690 0.0 0.3312450
0.10661760 0.0 0.39000690
0.10406120 0.0 0.46715440
0.1165410 0.0 0.55807450
0.15594410 0.0 0.66056940
0.23197460 0.0 0.77209610
0.3496320 0.0 0.86237390
0.50 0.0 0.92915530
0.68091930 0.0 0.87887690
0.81434720 0.0 0.75912410
0.89031840 0.0 0.62884180
0.92296030 0.0 0.51128910
0.92990140 0.0 0.41734730
0.92120130 0.0 0.34047450
0.89946250 0.0 0.28535680
0.87462360 0.0 0.23587160
0.84378870 0.0 0.19436860
0.81093570 0.0 0.16530960
0.77593790 0.0 0.13952120
0.73901980 0.0 0.11829930
0.70060940 0.0 0.10289060
0.66184370 0.0 0.088050270
0.62130020 0.0 0.077308740
0.58176110 0.0 0.070960820
0.54087050 0.0 0.068236750
0.50 0.0 0.065395090
0.45912950 0.0 0.068236780
0.41823890 0.0 0.070960820
0.37869990 0.0 0.077308760
0.33815640 0.0 0.088050270
0.29939070 0.0 0.10289070
0.26098030 0.0 0.11829930
0.22406210 0.0 0.13952120
0.18906430 0.0 0.16530950
0.15621130 0.0 0.19436850
0.12537640 0.0 0.23587160
0.10053750 0.0 0.28535680
0.078798710 0.0 0.34047460
0.070098610 0.0 0.41734740
0.077039720 0.0 0.51128930
0.10968170 0.0 0.62884180
0.18565290 0.0 0.75912410
0.31908070 0.0 0.8788770
0.50 0.0 0.96185280
0.72409680 0.0 0.88754830
0.86791730 0.0 0.73586090
0.9382390 0.0 0.58135710
0.96332150 0.0 0.45517830
0.96078230 0.0 0.35930150
0.94302410 0.0 0.29108990
0.92002120 0.0 0.23408810
0.89040190 0.0 0.1844780
0.85653910 0.0 0.14866390
0.82158790 0.0 0.11989090
0.7846060 0.0 0.099711280
0.74556740 0.0 0.078685440
0.70492030 0.0 0.063621910
0.66439650 0.0 0.05347740
0.62392990 0.0 0.042224550
0.58319070 0.0 0.03698340
0.54065670 0.0 0.034980130
0.50 0.0 0.032697580
0.45934340 0.0 0.034980130
0.41680940 0.0 0.03698340
0.37607010 0.0 0.042224550
0.33560360 0.0 0.05347740
0.29507980 0.0 0.063621890
0.25443260 0.0 0.078685370
0.21539410 0.0 0.09971130
0.17841220 0.0 0.1198910
0.14346090 0.0 0.1486640
0.10959810 0.0 0.18447810
0.079978770 0.0 0.2340880
0.056975850 0.0 0.29108990
0.039217730 0.0 0.35930160
0.036678590 0.0 0.45517840
0.061761090 0.0 0.58135720
0.13208280 0.0 0.73586090
0.27590320 0.0 0.88754830
0.50 0.0 1.0
0.78004860 0.0 0.8897890
0.93495830 0.0 0.68213830
0.99023160 0.0 0.51018330
1.0 0.0 0.38862770
0.98787130 0.0 0.29346480
0.96475340 0.0 0.22971170
0.93582710 0.0 0.17894780
0.90122910 0.0 0.1365060
0.86682680 0.0 0.10599290
0.8283890 0.0 0.078996970
0.78972090 0.0 0.059585010
0.75069050 0.0 0.042477750
0.70796870 0.0 0.027727990
0.66842840 0.0 0.017915370
0.626520 0.0 0.010597610
0.58291840 0.0 0.0052927880
0.54198590 0.0 0.0021730310
0.50 0.0 0.0
0.45801420 0.0 0.0021730310
0.41708170 0.0 0.0052927880
0.373480 0.0 0.010597610
0.33157170 0.0 0.017915370
0.29203140 0.0 0.027727990
0.24930960 0.0 0.042477750
0.21027910 0.0 0.059585010
0.1716110 0.0 0.078996930
0.13317330 0.0 0.10599290
0.098770950 0.0 0.1365060
0.064172920 0.0 0.17894780
0.035246650 0.0 0.22971170
0.012128750 0.0 0.29346490
0.0 0.0 0.38862770
0.0097683640 0.0 0.51018330
0.065041730 0.0 0.68213830
0.21995140 0.0 0.8897890
18.0 36.0 649.0
