-0.1823912 1.587729
-0.1582401 1.58789
-0.1235597 1.587893
-0.07807648 1.585072
-0.02681885 1.584327
0.02681885 1.584327
0.07807656 1.585072
0.1235597 1.587893
0.1582401 1.587889
0.182391 1.587729
-0.2895425 1.571221
-0.2896484 1.565315
-0.2732292 1.554769
-0.2376218 1.541023
-0.1836478 1.526654
-0.1168868 1.516376
-0.0398731 1.509763
0.03987316 1.509763
0.1168867 1.516376
0.1836479 1.526654
0.2376219 1.541023
0.2732292 1.554769
0.2896484 1.565315
0.2895426 1.571221
-0.3982932 1.544759
-0.4185586 1.523249
-0.4157477 1.492481
-0.3871911 1.456604
-0.3331674 1.420367
-0.2557427 1.388364
-0.1608449 1.364682
-0.05488231 1.352111
0.05488229 1.352111
0.1608448 1.364681
0.2557423 1.388364
0.3331675 1.420367
0.3871911 1.456604
0.4157472 1.492481
0.4185588 1.523249
0.3982928 1.544759
-0.5076082 1.511263
-0.5512967 1.470142
-0.5721284 1.415656
-0.5590501 1.352163
-0.511889 1.286643
-0.4343843 1.225383
-0.3303261 1.174214
-0.2062569 1.137749
-0.07018448 1.118485
0.0701845 1.118485
0.2062567 1.137749
0.3303261 1.174214
0.4343839 1.225383
0.511888 1.286643
0.5590496 1.352163
0.5721281 1.415656
0.5512954 1.470142
0.5076083 1.511263
-0.5993459 1.478418
-0.6733866 1.419469
-0.7220807 1.340837
-0.7316636 1.248907
-0.703231 1.151311
-0.6351197 1.056707
-0.5325879 0.9720387
-0.4017333 0.9031466
-0.2497702 0.8545567
-0.08480387 0.828965
0.08480383 0.8289651
0.24977 0.8545567
0.4017332 0.9031467
0.5325873 0.972039
0.6351196 1.056707
0.703231 1.151311
0.7316627 1.248908
0.7220802 1.340837
0.6733856 1.419469
0.5993461 1.478418
-0.6608768 1.453722
-0.7691128 1.381288
-0.8482211 1.282542
-0.8899649 1.164462
-0.88821 1.035876
-0.8390576 0.907684
-0.7496895 0.7866095
-0.6240353 0.6802394
-0.467999 0.5953812
-0.2900664 0.5355789
-0.09818386 0.5054718
0.09818383 0.5054717
0.2900661 0.535579
0.4679987 0.5953812
0.6240353 0.6802395
0.7496894 0.7866095
0.8390566 0.9076843
0.8882088 1.035876
0.8899639 1.164463
0.8482199 1.282542
0.7691105 1.381288
0.6608772 1.453722
-0.8280649 1.361348
-0.9402608 1.248934
-1.016372 1.110742
-1.047535 0.9560102
-1.029152 0.7955496
-0.9628281 0.6390889
-0.8532169 0.4946724
-0.7057114 0.3697367
-0.5272328 0.2703884
-0.3257383 0.2015575
-0.1101048 0.1669741
0.1101047 0.1669742
0.3257374 0.2015575
0.5272328 0.2703884
0.7057114 0.3697369
0.8532164 0.4946726
0.9628273 0.6390896
1.029151 0.7955496
1.047533 0.9560108
1.016371 1.110742
0.9402593 1.248935
0.8280625 1.361348
-0.8406292 1.360448
-0.984741 1.243098
-1.101511 1.091947
-1.168915 0.9184136
-1.187652 0.7316114
-1.153902 0.5432782
-1.071902 0.3616553
-0.9433705 0.1977916
-0.776556 0.05696021
-0.578182 -0.05427207
-0.3565421 -0.1314538
-0.1204062 -0.1700458
0.1204058 -0.1700453
0.3565415 -0.1314536
0.5781823 -0.05427172
0.7765553 0.05696065
0.9433702 0.197792
1.071901 0.3616562
1.153902 0.5432782
1.187652 0.7316118
1.168914 0.9184139
1.101511 1.091947
0.9847389 1.243098
0.8406267 1.360448
-0.9792854 1.26194
-1.131297 1.10867
-1.241337 0.9241541
-1.300587 0.7196461
-1.30673 0.505886
-1.260841 0.2924779
-1.162352 0.09194033
-1.018931 -0.08971526
-0.8356054 -0.243644
-0.620824 -0.3656318
-0.3820509 -0.4487892
-0.1289756 -0.4914361
0.1289756 -0.4914356
0.3820505 -0.4487889
0.620824 -0.3656316
0.8356051 -0.2436432
1.018931 -0.08971465
1.162351 0.09194099
1.260839 0.2924781
1.306729 0.5058869
1.300585 0.7196473
1.241335 0.9241547
1.131297 1.10867
0.9792835 1.26194
-1.105142 1.153908
-1.254146 0.9700351
-1.359204 0.7564242
-1.408667 0.5266564
-1.404467 0.2899239
-1.345269 0.05812824
-1.234942 -0.1595776
-1.079202 -0.355908
-0.8826947 -0.520867
-0.6543215 -0.6504664
-0.4022667 -0.73953
-0.1356753 -0.7842137
0.1356754 -0.7842129
0.4022661 -0.7395297
0.6543214 -0.6504661
0.8826942 -0.5208664
1.079202 -0.3559073
1.234941 -0.1595769
1.345268 0.05812944
1.404466 0.2899249
1.408665 0.5266576
1.359202 0.7564251
1.254144 0.9700356
1.105138 1.153908
-1.356224 0.8349431
-1.45198 0.5989935
-1.493497 0.3482963
-1.479442 0.09379996
-1.410189 -0.1533058
-1.289639 -0.3838499
-1.123249 -0.5899933
-0.9171088 -0.7640381
-0.6789789 -0.9004938
-0.4169026 -0.9930496
-0.1406012 -1.040714
0.1406012 -1.040713
0.4169021 -0.9930487
0.6789781 -0.9004922
0.9171084 -0.7640366
1.123249 -0.5899923
1.289638 -0.3838482
1.410188 -0.1533045
1.479441 0.09380113
1.493495 0.3482976
1.45198 0.598994
1.356222 0.8349433
-1.428599 0.7141609
-1.517729 0.460483
-1.551856 0.1942859
-1.529996 -0.07343026
-1.453762 -0.3325585
-1.325882 -0.5727358
-1.152117 -0.7862179
-0.9393925 -0.966898
-0.694568 -1.107503
-0.4262217 -1.203339
-0.1436566 -1.251842
0.1436566 -1.25184
0.426221 -1.203337
0.6945675 -1.107501
0.9393923 -0.9668968
1.152115 -0.7862161
1.325881 -0.5727338
1.453761 -0.3325572
1.529994 -0.07342853
1.551855 0.194287
1.517726 0.4604844
1.428596 0.7141619
-1.558783 0.3454681
-1.586463 0.06863458
-1.558859 -0.2083623
-1.477703 -0.4757597
-1.344429 -0.7214571
-1.166184 -0.9395175
-0.9499741 -1.124724
-0.7013788 -1.266575
-0.4304054 -1.365737
-0.1450472 -1.415508
0.145047 -1.415506
0.4304046 -1.365734
0.701378 -1.266572
0.9499734 -1.124722
1.166182 -0.9395159
1.344428 -0.7214551
1.477702 -0.4757583
1.558858 -0.2083606
1.586461 0.06863648
1.558781 0.3454695
-1.598761 -0.02554333
-1.565518 -0.306093
-1.480212 -0.5761372
-1.346424 -0.827466
-1.165887 -1.046399
-0.9487441 -1.232803
-0.7004197 -1.37721
-0.4292926 -1.474759
-0.1446676 -1.525322
0.1446674 -1.525319
0.4292918 -1.474757
0.7004191 -1.377208
0.948743 -1.2328
1.165886 -1.046398
1.346423 -0.8274649
1.48021 -0.5761358
1.565516 -0.3060907
1.598759 -0.02554177
-1.330638 -0.8855736
-1.152048 -1.105523
-0.9370707 -1.291838
-0.6913376 -1.435045
-0.4236684 -1.532568
-0.1427503 -1.582864
0.1427501 -1.582861
0.4236676 -1.532565
0.6913369 -1.435042
0.9370692 -1.291833
1.152046 -1.105522
1.330636 -0.8855709
