-0.000000050953390 2.862020 -0.64740630
-0.000000050953390 0.0 -0.64740630
-0.27253210 2.8465610 -0.62359920
-0.27253210 0.0 -0.62359920
-0.26330030 2.8052020 -0.71531910
-0.26330030 0.0 -0.71531910
-0.22718610 2.7663620 -0.79990450
-0.22718610 0.0 -0.79990450
-0.16679720 2.7328730 -0.8663440
-0.16679720 0.0 -0.8663440
-0.088308770 2.7114360 -0.91022530
-0.088308770 0.0 -0.91022530
0.000000039582540 2.7042250 -0.92579060
0.000000039582540 0.0 -0.92579060
0.088308730 2.7114350 -0.91022470
0.088308730 0.0 -0.91022470
0.16679710 2.7328720 -0.8663430
0.16679710 0.0 -0.8663430
0.2271860 2.7663610 -0.79990380
0.2271860 0.0 -0.79990380
0.26330020 2.8052020 -0.71531860
0.26330020 0.0 -0.71531860
0.2725320 2.8465610 -0.62359920
0.2725320 0.0 -0.62359920
0.25511090 2.8857650 -0.5335590
0.25511090 0.0 -0.5335590
0.21386290 2.9189890 -0.45348340
0.21386290 0.0 -0.45348340
0.15348530 2.9429050 -0.3898570
0.15348530 0.0 -0.3898570
0.080090030 2.9585910 -0.35027160
0.080090030 0.0 -0.35027160
-0.000000015403290 2.9632230 -0.33615270
-0.000000015403290 0.0 -0.33615270
-0.080090010 2.9585910 -0.35027080
-0.080090010 0.0 -0.35027080
-0.15348510 2.9429050 -0.38985710
-0.15348510 0.0 -0.38985710
-0.21386290 2.9189890 -0.45348340
-0.21386290 0.0 -0.45348340
-0.25511080 2.8857650 -0.53355930
-0.25511080 0.0 -0.53355930
-0.53436960 2.8012080 -0.55375390
-0.53436960 0.0 -0.55375390
-0.52460950 2.7187610 -0.73590670
-0.52460950 0.0 -0.73590670
-0.45874940 2.6359850 -0.90486540
-0.45874940 0.0 -0.90486540
-0.3403830 2.5642940 -1.0414690
-0.3403830 0.0 -1.0414690
-0.18136410 2.5160010 -1.1310450
-0.18136410 0.0 -1.1310450
-0.00000011663720 2.4985820 -1.1616780
-0.00000011663720 0.0 -1.1616780
0.1813640 2.5160010 -1.1310440
0.1813640 0.0 -1.1310440
0.34038280 2.5642930 -1.0414680
0.34038280 0.0 -1.0414680
0.45874930 2.6359850 -0.9048650
0.45874930 0.0 -0.9048650
0.52460930 2.718760 -0.73590560
0.52460930 0.0 -0.73590560
0.53436960 2.8012080 -0.55375350
0.53436960 0.0 -0.55375350
0.49184850 2.8743950 -0.3776930
0.49184850 0.0 -0.3776930
0.40547420 2.9305820 -0.22260690
0.40547420 0.0 -0.22260690
0.28711180 2.9693690 -0.10300980
0.28711180 0.0 -0.10300980
0.14844210 2.9920290 -0.028196040
0.14844210 0.0 -0.028196040
-0.000000028472640 2.9998790 -0.0030666940
-0.000000028472640 0.0 -0.0030666940
-0.1484420 2.9920290 -0.0281960
-0.1484420 0.0 -0.0281960
-0.2871120 2.9693690 -0.10301010
-0.2871120 0.0 -0.10301010
-0.40547410 2.9305820 -0.22260710
-0.40547410 0.0 -0.22260710
-0.49184810 2.8743960 -0.37769320
-0.49184810 0.0 -0.37769320
-0.77509420 2.7267630 -0.44023410
-0.77509420 0.0 -0.44023410
-0.7739850 2.6062110 -0.70896490
-0.7739850 0.0 -0.70896490
-0.68601260 2.4778850 -0.96067810
-0.68601260 0.0 -0.96067810
-0.51418640 2.3636360 -1.1671080
-0.51418640 0.0 -1.1671080
-0.27555920 2.2843040 -1.3021820
-0.27555920 0.0 -1.3021820
0.000000012759590 2.2565620 -1.350480
0.000000012759590 0.0 -1.350480
0.27555880 2.2843020 -1.302180
0.27555880 0.0 -1.302180
0.5141860 2.3636350 -1.1671060
0.5141860 0.0 -1.1671060
0.68601220 2.4778840 -0.96067680
0.68601220 0.0 -0.96067680
0.77398460 2.606210 -0.70896370
0.77398460 0.0 -0.70896370
0.7750940 2.7267630 -0.44023370
0.7750940 0.0 -0.44023370
0.70033720 2.8263170 -0.18512920
0.70033720 0.0 -0.18512920
0.56649710 2.8945880 0.035549860
0.56649710 0.0 0.035549860
0.39468290 2.936040 0.20230240
0.39468290 0.0 0.20230240
0.20183610 2.9572690 0.30508850
0.20183610 0.0 0.30508850
-0.000000038533780 2.9623860 0.3403620
-0.000000038533780 0.0 0.3403620
-0.20183640 2.9572690 0.30508740
-0.20183640 0.0 0.30508740
-0.39468250 2.936040 0.20230240
-0.39468250 0.0 0.20230240
-0.56649710 2.8945880 0.035549850
-0.56649710 0.0 0.035549850
-0.70033710 2.8263180 -0.18512970
-0.70033710 0.0 -0.18512970
-0.98536930 2.625880 -0.28825370
-0.98536930 0.0 -0.28825370
-1.0017110 2.4712790 -0.63558470
-1.0017110 0.0 -0.63558470
-0.90072440 2.2986780 -0.96675560
-0.90072440 0.0 -0.96675560
-0.68219770 2.1402080 -1.2417690
-0.68219770 0.0 -1.2417690
-0.36789270 2.0282890 -1.4232750
-0.36789270 0.0 -1.4232750
0.000000096067710 1.9880830 -1.4871350
0.000000096067710 0.0 -1.4871350
0.36789240 2.0282870 -1.4232720
0.36789240 0.0 -1.4232720
0.68219720 2.1402080 -1.2417670
0.68219720 0.0 -1.2417670
0.90072390 2.2986770 -0.96675410
0.90072390 0.0 -0.96675410
1.001710 2.4712790 -0.63558410
1.001710 0.0 -0.63558410
0.98536890 2.6258790 -0.28825340
0.98536890 0.0 -0.28825340
0.87083860 2.7399560 0.037659430
0.87083860 0.0 0.037659430
0.68922010 2.808680 0.31081160
0.68922010 0.0 0.31081160
0.47055870 2.8393050 0.5130290
0.47055870 0.0 0.5130290
0.23705630 2.8474150 0.63581820
0.23705630 0.0 0.63581820
-0.00000004504320 2.8485460 0.67663910
-0.00000004504320 0.0 0.67663910
-0.23705630 2.8474140 0.63581820
-0.23705630 0.0 0.63581820
-0.47055850 2.8393060 0.51302890
-0.47055850 0.0 0.51302890
-0.68921980 2.8086810 0.31081140
-0.68921980 0.0 0.31081140
-0.87083920 2.7399560 0.037658930
-0.87083920 0.0 0.037658930
-1.1557120 2.4997040 -0.10250340
-1.1557120 0.0 -0.10250340
-1.1996920 2.3195950 -0.52038870
-1.1996920 0.0 -0.52038870
-1.0960040 2.1060250 -0.92583590
-1.0960040 0.0 -0.92583590
-0.83872040 1.9025640 -1.2646890
-0.83872040 0.0 -1.2646890
-0.45509560 1.7567350 -1.4903510
-0.45509560 0.0 -1.4903510
-0.00000012925130 1.7037980 -1.5696560
-0.00000012925130 0.0 -1.5696560
0.45509520 1.7567340 -1.4903480
0.45509520 0.0 -1.4903480
0.83871940 1.9025620 -1.2646860
0.83871940 0.0 -1.2646860
1.0960030 2.1060240 -0.92583380
1.0960030 0.0 -0.92583380
1.1996910 2.3195930 -0.52038640
1.1996910 0.0 -0.52038640
1.1557120 2.4997030 -0.10250280
1.1557120 0.0 -0.10250280
0.99664710 2.6192560 0.27919460
0.99664710 0.0 0.27919460
0.76684060 2.6720060 0.59108630
0.76684060 0.0 0.59108630
0.51015080 2.6784730 0.81365540
0.51015080 0.0 0.81365540
0.25203560 2.6644370 0.94480630
0.25203560 0.0 0.94480630
-0.000000047557390 2.657340 0.98750270
-0.000000047557390 0.0 0.98750270
-0.25203570 2.6644370 0.94480630
-0.25203570 0.0 0.94480630
-0.51015070 2.6784740 0.8136550
-0.51015070 0.0 0.8136550
-0.76684090 2.6720070 0.59108570
-0.76684090 0.0 0.59108570
-0.99664720 2.6192560 0.27919420
-0.99664720 0.0 0.27919420
-1.279660 2.3530980 0.10788680
-1.279660 0.0 0.10788680
-1.3597580 2.1552190 -0.36718680
-1.3597580 0.0 -0.36718680
-1.2639920 1.9052040 -0.83801030
-1.2639920 0.0 -0.83801030
-0.97865470 1.6592170 -1.2369920
-0.97865470 0.0 -1.2369920
-0.53438190 1.4796020 -1.5036190
-0.53438190 0.0 -1.5036190
-0.00000021699060 1.4142720 -1.5994360
-0.00000021699060 0.0 -1.5994360
0.53438160 1.47960 -1.5036160
0.53438160 0.0 -1.5036160
0.9786540 1.6592160 -1.236990
0.9786540 0.0 -1.236990
1.2639910 1.9052030 -0.83800810
1.2639910 0.0 -0.83800810
1.3597570 2.1552180 -0.3671850
1.3597570 0.0 -0.3671850
1.2796590 2.3530970 0.10788780
1.2796590 0.0 0.10788780
1.069530 2.4630620 0.53099940
1.069530 0.0 0.53099940
0.79419920 2.4863080 0.8620470
0.79419920 0.0 0.8620470
0.51015820 2.4555780 1.0867510
0.51015820 0.0 1.0867510
0.24544130 2.4121020 1.2124060
0.24544130 0.0 1.2124060
-0.000000045864910 2.3942380 1.2520310
-0.000000045864910 0.0 1.2520310
-0.24544150 2.4121020 1.2124060
-0.24544150 0.0 1.2124060
-0.51015790 2.4555790 1.0867510
-0.51015790 0.0 1.0867510
-0.79419960 2.4863090 0.86204650
-0.79419960 0.0 0.86204650
-1.069530 2.4630630 0.53099920
-1.069530 0.0 0.53099920
-1.3496150 2.1879360 0.33570440
-1.3496150 0.0 0.33570440
-1.4762210 1.9839280 -0.18322620
-1.4762210 0.0 -0.18322620
-1.3999350 1.703940 -0.70959670
-1.3999350 0.0 -0.70959670
-1.0976610 1.4183430 -1.1615510
-1.0976610 0.0 -1.1615510
1000.0 1000.0 1000.0
1000.0 1000.0 1000.0
1000.0 1000.0 1000.0
1.097660 1.4183430 -1.1615480
1.097660 0.0 -1.1615480
1.3999330 1.7039390 -0.7095950
1.3999330 0.0 -0.7095950
1.476220 1.9839270 -0.18322440
1.476220 0.0 -0.18322440
1.3496140 2.1879350 0.33570550
1.3496140 0.0 0.33570550
1.0858150 2.276850 0.77951370
1.0858150 0.0 0.77951370
0.76967650 2.258560 1.1070750
0.76967650 0.0 1.1070750
0.47051180 2.1804450 1.3125330
0.47051180 0.0 1.3125330
0.21859530 2.1075870 1.4173020
0.21859530 0.0 1.4173020
-0.00000004023630 2.0769610 1.4483960
-0.00000004023630 0.0 1.4483960
-0.21859590 2.107590 1.4173020
-0.21859590 0.0 1.4173020
-0.47051210 2.1804470 1.3125330
-0.47051210 0.0 1.3125330
-0.7696760 2.258560 1.1070750
-0.7696760 0.0 1.1070750
-1.0858160 2.2768510 0.77951330
-1.0858160 0.0 0.77951330
-1.3647130 2.0119040 0.56813960
-1.3647130 0.0 0.56813960
-1.5443450 1.8107510 0.024049330
-1.5443450 0.0 0.024049330
-1.4985380 1.5080 -0.54493390
-1.4985380 0.0 -0.54493390
1000.0 1000.0 1000.0
1000.0 1000.0 1000.0
1000.0 1000.0 1000.0
1000.0 1000.0 1000.0
1000.0 1000.0 1000.0
1.4985370 1.5079990 -0.54493120
1.4985370 0.0 -0.54493120
1.5443430 1.8107510 0.024050450
1.5443430 0.0 0.024050450
1.3647120 2.0119030 0.56814060
1.3647120 0.0 0.56814060
1.0431450 2.0655850 1.0113620
1.0431450 0.0 1.0113620
0.69496570 1.9987850 1.309430
0.69496570 0.0 1.309430
0.39817910 1.8780060 1.4723420
0.39817910 0.0 1.4723420
0.17611780 1.7805890 1.5425910
0.17611780 0.0 1.5425910
-0.00000003193720 1.7461460 1.5612370
-0.00000003193720 0.0 1.5612370
-0.17611780 1.7805880 1.5425910
-0.17611780 0.0 1.5425910
-0.39817850 1.8780060 1.4723420
-0.39817850 0.0 1.4723420
-0.69496630 1.9987870 1.309430
-0.69496630 0.0 1.309430
-1.0431460 2.0655870 1.0113620
-1.0431460 0.0 1.0113620
-1.3184310 1.8259020 0.79714940
-1.3184310 0.0 0.79714940
-1.5621510 1.6412140 0.24532680
-1.5621510 0.0 0.24532680
1000.0 1000.0 1000.0
1000.0 1000.0 1000.0
1000.0 1000.0 1000.0
1000.0 1000.0 1000.0
1000.0 1000.0 1000.0
1000.0 1000.0 1000.0
1000.0 1000.0 1000.0
1.5621490 1.6412130 0.24532880
1.5621490 0.0 0.24532880
1.3184280 1.82590 0.79715050
1.3184280 0.0 0.79715050
0.94458190 1.8386660 1.2115440
0.94458190 0.0 1.2115440
0.57944510 1.7260750 1.4532920
0.57944510 0.0 1.4532920
0.30758970 1.5844550 1.5567750
0.30758970 0.0 1.5567750
0.1308730 1.4935980 1.5907370
0.1308730 0.0 1.5907370
-0.00000002341420 1.4628050 1.5975330
-0.00000002341420 0.0 1.5975330
-0.13087310 1.4935980 1.5907370
-0.13087310 0.0 1.5907370
-0.30758970 1.5844560 1.5567760
-0.30758970 0.0 1.5567760
-0.57944640 1.7260770 1.4532920
-0.57944640 0.0 1.4532920
-0.9445840 1.8386680 1.2115440
-0.9445840 0.0 1.2115440
-1.2180180 1.6405340 1.0074530
-1.2180180 0.0 1.0074530
-1.5241790 1.4780890 0.47431150
-1.5241790 0.0 0.47431150
1000.0 1000.0 1000.0
1000.0 1000.0 1000.0
1000.0 1000.0 1000.0
1000.0 1000.0 1000.0
1000.0 1000.0 1000.0
1000.0 1000.0 1000.0
1000.0 1000.0 1000.0
1.5241770 1.4780880 0.47431310
1.5241770 0.0 0.47431310
1.2180180 1.6405340 1.0074530
1.2180180 0.0 1.0074530
0.8022720 1.6116370 1.3657920
0.8022720 0.0 1.3657920
0.44785130 1.4760070 1.5317260
0.44785130 0.0 1.5317260
1000.0 1000.0 1000.0
1000.0 1000.0 1000.0
1000.0 1000.0 1000.0
1000.0 1000.0 1000.0
1000.0 1000.0 1000.0
-0.44785210 1.4760090 1.5317260
-0.44785210 0.0 1.5317260
-0.80227430 1.6116390 1.3657920
-0.80227430 0.0 1.3657920
-1.0664130 1.4605690 1.1881810
-1.0664130 0.0 1.1881810
1000.0 1000.0 1000.0
1000.0 1000.0 1000.0
1000.0 1000.0 1000.0
1000.0 1000.0 1000.0
1000.0 1000.0 1000.0
1000.0 1000.0 1000.0
1000.0 1000.0 1000.0
1000.0 1000.0 1000.0
1000.0 1000.0 1000.0
1.066410 1.4605670 1.1881820
1.066410 0.0 1.1881820
0.6390490 1.4049680 1.4656590
0.6390490 0.0 1.4656590
1000.0 1000.0 1000.0
1000.0 1000.0 1000.0
1000.0 1000.0 1000.0
1000.0 1000.0 1000.0
1000.0 1000.0 1000.0
1000.0 1000.0 1000.0
1000.0 1000.0 1000.0
-0.63904890 1.4049680 1.4656590
-0.63904890 0.0 1.4656590
1000.0 1000.0 1000.0
1000.0 1000.0 1000.0
1000.0 1000.0 1000.0
1000.0 1000.0 1000.0
1000.0 1000.0 1000.0
1000.0 1000.0 1000.0
1000.0 1000.0 1000.0
1000.0 1000.0 1000.0
1000.0 1000.0 1000.0
1000.0 1000.0 1000.0
1000.0 1000.0 1000.0
1000.0 1000.0 1000.0
1000.0 1000.0 1000.0
1000.0 1000.0 1000.0
1000.0 1000.0 1000.0
1000.0 1000.0 1000.0
1000.0 1000.0 1000.0
1000.0 1000.0 1000.0
1000.0 1000.0 1000.0
1000.0 1000.0 1000.0
1000.0 1000.0 1000.0
1000.0 1000.0 1000.0
1000.0 1000.0 1000.0
1000.0 1000.0 1000.0
1000.0 1000.0 1000.0
1000.0 1000.0 1000.0
1000.0 1000.0 1000.0
1000.0 1000.0 1000.0
1000.0 1000.0 1000.0
1000.0 1000.0 1000.0
1000.0 1000.0 1000.0
1000.0 1000.0 1000.0
1000.0 1000.0 1000.0
1000.0 1000.0 1000.0
1000.0 1000.0 1000.0
1000.0 1000.0 1000.0
1000.0 1000.0 1000.0
1000.0 1000.0 1000.0
1000.0 1000.0 1000.0
1000.0 1000.0 1000.0
1000.0 1000.0 1000.0
1000.0 1000.0 1000.0
1000.0 1000.0 1000.0
1000.0 1000.0 1000.0
1000.0 1000.0 1000.0
1000.0 1000.0 1000.0
1000.0 1000.0 1000.0
1000.0 1000.0 1000.0
1000.0 1000.0 1000.0
1000.0 1000.0 1000.0
1000.0 1000.0 1000.0
1000.0 1000.0 1000.0
1000.0 1000.0 1000.0
1000.0 1000.0 1000.0
1000.0 1000.0 1000.0
1000.0 1000.0 1000.0
1000.0 1000.0 1000.0
1000.0 1000.0 1000.0
1000.0 1000.0 1000.0
1000.0 1000.0 1000.0
1000.0 1000.0 1000.0
1000.0 1000.0 1000.0
1000.0 1000.0 1000.0
1000.0 1000.0 1000.0
1000.0 1000.0 1000.0
1000.0 1000.0 1000.0
1000.0 1000.0 1000.0
1000.0 1000.0 1000.0
1000.0 1000.0 1000.0
1000.0 1000.0 1000.0
1000.0 1000.0 1000.0
1000.0 1000.0 1000.0
1000.0 1000.0 1000.0
1000.0 1000.0 1000.0
1000.0 1000.0 1000.0
1000.0 1000.0 1000.0
1000.0 1000.0 1000.0
1000.0 1000.0 1000.0
1000.0 1000.0 1000.0
1000.0 1000.0 1000.0
15.0 20.0 302.0
