-0.0188681 0.465569 0
-0.0188681 0.465569 0
-0.0188681 0.465569 0
-0.0188681 0.465569 0
-0.0188681 0.465569 0
-0.0188681 0.465569 0
-0.0188681 0.465569 0
-0.0188681 0.465569 0
-0.0188681 0.465569 0
-0.0188681 0.465569 0
-0.0188681 0.465569 0
-0.0188681 0.465569 0
-0.0188681 0.465569 0
-0.0188681 0.465569 0
-0.0188681 0.465569 0
-0.0188681 0.465569 0
-0.0188681 0.465569 0
-0.0188681 0.465569 0
-0.0188681 0.465569 0
-0.0188681 0.34674 0
0.0505539 0.337292 0
0.0859761 0.36724 0
0.126877 0.392559 0
0.143071 0.428458 0
0.175458 0.500256 0
0.138398 0.516124 0
0.110058 0.566853 0
0.067632 0.576576 0
-0.0188681 0.624009 0
-0.105368 0.576576 0
-0.147795 0.566853 0
-0.176134 0.516124 0
-0.213195 0.500256 0
-0.180807 0.428458 0
-0.164613 0.392559 0
-0.123712 0.36724 0
-0.08829 0.337292 0
-0.0188681 0.1883 0
0.104284 0.221185 0
0.186605 0.247696 0
0.295014 0.296663 0
0.333371 0.374999 0
0.360461 0.461589 0
0.310806 0.556168 0
0.450784 0.476842 0
0.630059 0.128158 0
0.593253 0.299775 0
0.514732 0.455698 0
-0.0188682 0.703229 0
-0.348542 0.556168 0
-0.398197 0.461589 0
-0.371107 0.374999 0
-0.332751 0.296663 0
-0.224341 0.247696 0
-0.14202 0.221185 0
-0.0188681 0.0694696 0
0.134404 0.0694696 0
0.286509 0.0970875 0
0.388268 0.18224 0
0.521239 0.272681 0
0.480138 -0.363364 0
-0.735849 -0.0612162 0
-0.678698 -0.248589 0
-0.533671 0.601631 0
-0.678698 0.387528 0
-0.744139 0.135062 0
0.0445849 -0.680256 0
0.230137 -0.637734 0
0.0942475 0.732609 0
-0.558975 0.272681 0
-0.426004 0.18224 0
-0.324245 0.0970875 0
-0.17214 0.0694696 0
-0.0188681 -0.0889704 0
0.169461 -0.0668465 0
0.351255 -0.0330488 0
0.515542 0.021138 0
-0.462214 -0.476704 0
0.721378 -0.135567 0
-0.227134 -0.733997 0
-0.796127 0.284758 0
-0.858656 -0.00648004 0
-0.748924 -0.36624 0
-0.502391 -0.644355 0
-0.237051 -0.772257 0
0.758391 0.284757 0
-0.560766 0.62964 0
0.509491 0.527764 0
-0.553278 0.021138 0
-0.388991 -0.0330488 0
-0.207198 -0.0668465 0
-0.0188681 -0.24741 0
0.178937 -0.222549 0
0.412528 -0.187995 0
0.0379056 -0.601338 0
0.608897 -0.384918 0
0.811321 0.22079 0
-0.642051 0.713665 0
0.869428 0.315513 0
-0.896828 0.148871 0
0.744372 -0.386046 0
-0.546347 -0.709249 0
-0.546347 0.848188 0
0.0612831 -0.877553 0
-0.900182 0.0694696 0
-0.280978 -0.674955 0
-0.622642 0.179521 0
-0.450265 -0.187995 0
-0.216673 -0.222549 0
-0.0188681 -0.405851 0
0.230199 -0.376473 0
0.240234 -0.504912 0
0.538844 0.553225 0
0.811321 -0.0818514 0
-0.919046 -0.269216 0
0.30877 1 0
0.321876 -0.898282 0
-0.346506 1 0
0.295664 0.96278 0
-1 -0.109364 0
0.943452 0.336017 0
-0.659256 -0.719449 0
-0.907164 0.315513 0
0.57722 -0.546717 0
0.706403 0.00387681 0
-0.488521 -0.337903 0
-0.267935 -0.376473 0
-0.0188681 -0.52468 0
-0.479481 -0.406675 0
-0.138637 0.771617 0
0.0512642 0.898114 0
0.68561 -0.54159 0
-0.276721 -0.925299 0
0.0713019 -0.99593 0
0.980465 -0.20733 0
-0.75043 -0.686759 0
-0.848477 0.564595 0
-0.683887 -0.749792 0
1 -0.116242 0
-0.0188681 -1 0
-0.359612 -0.898282 0
0.63141 -0.602734 0
0.120863 0.888642 0
-0.0789815 0.779737 0
-0.517874 -0.363364 0
8 18 145
