-0.635839 1 0
-0.635839 1 0
-0.635839 1 0
-0.635839 1 0
-0.635839 1 0
-0.635839 1 0
-0.635839 1 0
-0.635839 1 0
-0.635839 1 0
-0.635839 1 0
-0.635839 1 0
-0.635839 1 0
-0.635839 1 0
-0.635839 1 0
-0.635839 1 0
-0.635839 1 0
-0.635839 1 0
-0.635839 1 0
-0.635839 1 0
-0.635839 1 0
-0.635839 1 0
-0.407931 0.678899 0
-0.407931 0.678899 0
-0.271678 0.88647 0
-0.271678 0.88647 0
-0.271678 0.88647 0
-0.271678 0.88647 0
-0.271678 0.88647 0
-0.271678 0.88647 0
-0.271678 0.88647 0
-0.271678 0.88647 0
-0.271678 0.88647 0
-0.271678 0.88647 0
-1 0.88647 0
-1 0.88647 0
-1 0.88647 0
-1 0.88647 0
-1 0.88647 0
-1 0.88647 0
-1 0.88647 0
-1 0.88647 0
-1 0.88647 0
-1 0.88647 0
-1 0.88647 0
-1 0.88647 0
-1 0.88647 0
-1 0.88647 0
-1 0.88647 0
-1 0.88647 0
-1 0.88647 0
-1 0.88647 0
-1 0.88647 0
-1 0.88647 0
-1 0.88647 0
-1 0.88647 0
-1 0.88647 0
-1 0.88647 0
-1 0.88647 0
-1 0.88647 0
-1 0.88647 0
-1 0.88647 0
-1 0.88647 0
-1 0.88647 0
-1 0.88647 0
-1 0.88647 0
-1 0.88647 0
-1 0.88647 0
-1 0.88647 0
-1 0.88647 0
-1 0.88647 0
-1 0.88647 0
-1 0.88647 0
-1 0.88647 0
-1 0.88647 0
-1 0.88647 0
-1 0.88647 0
-1 0.88647 0
-1 0.88647 0
-1 0.88647 0
-1 0.88647 0
-1 0.88647 0
-1 0.88647 0
-1 0.88647 0
-1 0.88647 0
-1 0.88647 0
-1 0.88647 0
-1 0.88647 0
-1 0.88647 0
-1 0.88647 0
-1 0.88647 0
-1 0.88647 0
-1 0.88647 0
-1 0.88647 0
-1 0.88647 0
-1 0.88647 0
-1 0.88647 0
-1 0.88647 0
-1 0.88647 0
-1 0.88647 0
-1 0.88647 0
1 -1 0
1 -1 0
1 -1 0
1 -1 0
1 -1 0
1 -1 0
1 -1 0
1 -1 0
1 -1 0
1 -1 0
1 -1 0
1 -1 0
1 -1 0
1 -1 0
1 -1 0
1 -1 0
1 -1 0
1 -1 0
1 -1 0
1 -1 0
1 -1 0
1 -1 0
1 -1 0
1 -1 0
1 -1 0
1 -1 0
1 -1 0
1 -1 0
1 -1 0
1 -1 0
1 -1 0
1 -1 0
1 -1 0
1 -1 0
1 -1 0
1 -1 0
1 -1 0
1 -1 0
1 -1 0
1 -1 0
1 -1 0
1 -1 0
1 -1 0
1 -1 0
1 -1 0
8 18 145
