0.50 0.0 0.50
0.50 0.0 0.50
0.50 0.0 0.50
0.50 0.0 0.50
0.50 0.0 0.50
0.50 0.0 0.50
0.50 0.0 0.50
0.50 0.0 0.50
0.50 0.0 0.50
0.50 0.0 0.50
0.50 0.0 0.50
0.50 0.0 0.50
0.50 0.0 0.50
0.50 0.0 0.50
0.50 0.0 0.50
0.50 0.0 0.50
0.50 0.0 0.50
0.50 0.0 0.50
0.50 0.0 0.50
0.50 0.0 0.50
0.50 0.0 0.50
0.50 0.0 0.50
0.50 0.0 0.50
0.50 0.0 0.50
0.50 0.0 0.50
0.50 0.0 0.50
0.50 0.0 0.50
0.50 0.0 0.50
0.50 0.0 0.50
0.50 0.0 0.50
0.50 0.0 0.50
0.50 0.0 0.50
0.50 0.0 0.50
0.50 0.0 0.50
0.50 0.0 0.50
0.50 0.0 0.50
0.50 0.0 0.50
0.50 0.0 0.54613420
0.50801110 0.0 0.54543330
0.51577880 0.0 0.54335190
0.52306710 0.0 0.53995340
0.52965450 0.0 0.53534080
0.53534080 0.0 0.52965450
0.53995340 0.0 0.52306710
0.54335190 0.0 0.51577880
0.54543330 0.0 0.50801110
0.54613420 0.0 0.50
0.54543330 0.0 0.49198890
0.54335190 0.0 0.48422120
0.53995340 0.0 0.47693290
0.53534080 0.0 0.47034550
0.52965450 0.0 0.46465920
0.52306710 0.0 0.46004660
0.51577880 0.0 0.45664810
0.50801110 0.0 0.45456670
0.50 0.0 0.45386580
0.49198890 0.0 0.45456670
0.48422120 0.0 0.45664810
0.47693290 0.0 0.46004660
0.47034550 0.0 0.46465920
0.46465920 0.0 0.47034550
0.46004660 0.0 0.47693290
0.45664810 0.0 0.48422120
0.45456670 0.0 0.49198890
0.45386580 0.0 0.50
0.45456670 0.0 0.50801110
0.45664810 0.0 0.51577880
0.46004660 0.0 0.52306710
0.46465920 0.0 0.52965450
0.47034550 0.0 0.53534080
0.47693290 0.0 0.53995340
0.48422120 0.0 0.54335190
0.49198890 0.0 0.54543330
0.50 0.0 0.59187480
0.51595390 0.0 0.5904790
0.5314230 0.0 0.5863340
0.54593740 0.0 0.57956590
0.5590560 0.0 0.57038020
0.57038020 0.0 0.5590560
0.57956590 0.0 0.54593740
0.5863340 0.0 0.5314230
0.5904790 0.0 0.51595390
0.59187480 0.0 0.50
0.5904790 0.0 0.48404610
0.5863340 0.0 0.4685770
0.57956590 0.0 0.45406260
0.57038020 0.0 0.4409440
0.5590560 0.0 0.42961980
0.54593740 0.0 0.42043410
0.5314230 0.0 0.4136660
0.51595390 0.0 0.4095210
0.50 0.0 0.40812520
0.48404610 0.0 0.4095210
0.4685770 0.0 0.4136660
0.45406260 0.0 0.42043410
0.4409440 0.0 0.42961980
0.42961980 0.0 0.4409440
0.42043410 0.0 0.45406260
0.4136660 0.0 0.4685770
0.4095210 0.0 0.48404610
0.40812520 0.0 0.50
0.4095210 0.0 0.51595390
0.4136660 0.0 0.5314230
0.42043410 0.0 0.54593740
0.42961980 0.0 0.55905590
0.4409440 0.0 0.57038020
0.45406260 0.0 0.57956590
0.4685770 0.0 0.5863340
0.48404610 0.0 0.5904790
0.50 0.0 0.63683150
0.52376060 0.0 0.63475280
0.54679910 0.0 0.62857960
0.56841580 0.0 0.61849960
0.58795360 0.0 0.6048190
0.6048190 0.0 0.58795360
0.61849960 0.0 0.56841580
0.62857960 0.0 0.54679910
0.63475280 0.0 0.52376060
0.63683150 0.0 0.50
0.63475280 0.0 0.47623950
0.62857960 0.0 0.45320090
0.61849960 0.0 0.43158420
0.6048190 0.0 0.41204640
0.58795360 0.0 0.3951810
0.56841580 0.0 0.38150050
0.54679910 0.0 0.37142050
0.52376060 0.0 0.36524730
0.50 0.0 0.36316850
0.47623940 0.0 0.36524730
0.45320090 0.0 0.37142050
0.43158420 0.0 0.38150050
0.41204640 0.0 0.3951810
0.3951810 0.0 0.41204640
0.38150040 0.0 0.43158420
0.37142040 0.0 0.45320090
0.36524720 0.0 0.47623950
0.36316850 0.0 0.50
0.36524720 0.0 0.52376060
0.37142040 0.0 0.54679910
0.38150040 0.0 0.56841580
0.3951810 0.0 0.58795360
0.41204640 0.0 0.6048190
0.43158420 0.0 0.61849950
0.45320080 0.0 0.62857960
0.47623940 0.0 0.63475270
0.50 0.0 0.68062080
0.53136450 0.0 0.67787680
0.5617760 0.0 0.66972810
0.59031050 0.0 0.65642230
0.61610080 0.0 0.63836360
0.63836360 0.0 0.61610080
0.65642230 0.0 0.59031040
0.66972810 0.0 0.5617760
0.67787680 0.0 0.53136450
0.68062080 0.0 0.50
0.67787680 0.0 0.46863550
0.66972810 0.0 0.4382240
0.65642230 0.0 0.40968950
0.63836360 0.0 0.38389920
0.61610080 0.0 0.36163640
0.59031050 0.0 0.34357780
0.5617760 0.0 0.3302720
0.53136450 0.0 0.32212320
0.50 0.0 0.31937920
0.46863550 0.0 0.32212320
0.4382240 0.0 0.3302720
0.40968960 0.0 0.34357780
0.38389920 0.0 0.36163640
0.36163640 0.0 0.38389920
0.34357770 0.0 0.40968960
0.33027190 0.0 0.4382240
0.32212320 0.0 0.46863550
0.31937920 0.0 0.50
0.32212320 0.0 0.53136440
0.33027190 0.0 0.5617760
0.34357770 0.0 0.59031040
0.36163640 0.0 0.61610080
0.38389910 0.0 0.63836360
0.40968950 0.0 0.65642230
0.4382240 0.0 0.66972810
0.46863550 0.0 0.67787680
0.50 0.0 0.72286920
0.53870080 0.0 0.71948330
0.57622580 0.0 0.70942850
0.61143460 0.0 0.69301040
0.64325760 0.0 0.67072770
0.67072770 0.0 0.64325760
0.69301040 0.0 0.61143460
0.70942850 0.0 0.57622580
0.71948330 0.0 0.53870080
0.72286920 0.0 0.50
0.71948330 0.0 0.46129920
0.70942850 0.0 0.42377420
0.69301040 0.0 0.38856540
0.67072770 0.0 0.35674240
0.64325760 0.0 0.32927230
0.61143460 0.0 0.30698960
0.57622580 0.0 0.29057150
0.53870090 0.0 0.28051670
0.50 0.0 0.27713080
0.46129920 0.0 0.28051670
0.42377420 0.0 0.29057150
0.38856540 0.0 0.30698960
0.35674240 0.0 0.32927230
0.32927220 0.0 0.35674250
0.30698960 0.0 0.38856540
0.29057150 0.0 0.42377430
0.28051670 0.0 0.46129920
0.27713080 0.0 0.50
0.28051670 0.0 0.53870080
0.29057140 0.0 0.57622580
0.30698960 0.0 0.61143460
0.32927220 0.0 0.64325750
0.35674240 0.0 0.67072770
0.38856540 0.0 0.69301030
0.42377420 0.0 0.70942850
0.46129910 0.0 0.71948330
0.50 0.0 0.76321610
0.5457070 0.0 0.75921730
0.59002520 0.0 0.74734220
0.63160810 0.0 0.72795180
0.66919210 0.0 0.70163520
0.70163520 0.0 0.6691920
0.72795180 0.0 0.63160810
0.74734220 0.0 0.59002520
0.75921730 0.0 0.5457070
0.76321610 0.0 0.50
0.75921730 0.0 0.4542930
0.74734220 0.0 0.40997480
0.72795180 0.0 0.36839190
0.70163520 0.0 0.33080790
0.66919210 0.0 0.29836480
0.63160810 0.0 0.27204820
0.59002520 0.0 0.25265780
0.5457070 0.0 0.24078270
0.50 0.0 0.23678390
0.4542930 0.0 0.24078270
0.40997480 0.0 0.25265780
0.36839190 0.0 0.27204820
0.3308080 0.0 0.29836480
0.29836470 0.0 0.3308080
0.27204810 0.0 0.3683920
0.25265780 0.0 0.40997480
0.24078270 0.0 0.4542930
0.23678390 0.0 0.50
0.24078270 0.0 0.5457070
0.25265770 0.0 0.59002520
0.27204810 0.0 0.6316080
0.29836470 0.0 0.6691920
0.33080790 0.0 0.70163520
0.36839190 0.0 0.72795180
0.40997470 0.0 0.74734220
0.45429290 0.0 0.75921730
0.50 0.0 0.80131730
0.55232320 0.0 0.79673960
0.60305660 0.0 0.78314570
0.65065870 0.0 0.76094850
0.69368310 0.0 0.73082250
0.73082250 0.0 0.6936830
0.76094850 0.0 0.65065870
0.78314570 0.0 0.60305660
0.79673960 0.0 0.55232320
0.80131730 0.0 0.50
0.79673970 0.0 0.44767680
0.78314570 0.0 0.39694340
0.76094850 0.0 0.34934130
0.73082250 0.0 0.30631690
0.69368310 0.0 0.26917750
0.65065870 0.0 0.23905150
0.60305660 0.0 0.21685430
0.55232320 0.0 0.20326030
0.50 0.0 0.19868270
0.44767680 0.0 0.20326030
0.39694340 0.0 0.21685430
0.34934130 0.0 0.23905150
0.30631690 0.0 0.26917750
0.26917750 0.0 0.3063170
0.23905140 0.0 0.34934130
0.21685430 0.0 0.39694340
0.20326030 0.0 0.44767680
0.19868270 0.0 0.50
0.20326030 0.0 0.55232320
0.21685430 0.0 0.60305660
0.23905140 0.0 0.65065870
0.26917750 0.0 0.6936830
0.30631690 0.0 0.73082240
0.34934120 0.0 0.76094850
0.39694330 0.0 0.78314570
0.44767670 0.0 0.79673960
0.50 0.0 0.83684780
0.5584930 0.0 0.83173040
0.61520870 0.0 0.81653340
0.6684240 0.0 0.79171880
0.71652160 0.0 0.75804040
0.75804040 0.0 0.71652160
0.79171880 0.0 0.6684240
0.81653340 0.0 0.61520870
0.83173040 0.0 0.5584930
0.83684780 0.0 0.50
0.83173040 0.0 0.4415070
0.81653340 0.0 0.38479130
0.79171880 0.0 0.3315760
0.75804040 0.0 0.28347830
0.71652160 0.0 0.24195960
0.6684240 0.0 0.20828120
0.61520880 0.0 0.18346660
0.55849310 0.0 0.16826960
0.50 0.0 0.16315220
0.4415070 0.0 0.16826960
0.38479130 0.0 0.18346660
0.3315760 0.0 0.20828120
0.28347840 0.0 0.24195960
0.24195950 0.0 0.28347840
0.20828110 0.0 0.33157610
0.18346660 0.0 0.38479130
0.16826960 0.0 0.4415070
0.16315220 0.0 0.50
0.16826960 0.0 0.5584930
0.18346660 0.0 0.61520870
0.20828110 0.0 0.66842390
0.24195950 0.0 0.71652160
0.28347830 0.0 0.75804040
0.3315760 0.0 0.79171870
0.38479120 0.0 0.81653340
0.44150690 0.0 0.83173040
0.50 0.0 0.86950450
0.56416380 0.0 0.86389090
0.6263780 0.0 0.84722060
0.68475230 0.0 0.82000020
0.73751290 0.0 0.78305690
0.78305690 0.0 0.73751290
0.82000030 0.0 0.68475220
0.84722070 0.0 0.62637790
0.86389090 0.0 0.56416380
0.86950450 0.0 0.50
0.86389090 0.0 0.43583630
0.84722070 0.0 0.3736220
0.82000030 0.0 0.31524770
0.78305690 0.0 0.26248710
0.73751290 0.0 0.21694320
0.68475230 0.0 0.17999980
0.6263780 0.0 0.15277940
0.56416380 0.0 0.13610910
0.50 0.0 0.13049550
0.43583620 0.0 0.13610910
0.3736220 0.0 0.15277940
0.31524770 0.0 0.17999980
0.26248710 0.0 0.21694320
0.21694310 0.0 0.26248710
0.17999960 0.0 0.31524770
0.15277940 0.0 0.37362210
0.13610910 0.0 0.43583630
0.13049550 0.0 0.50
0.13610910 0.0 0.56416370
0.15277930 0.0 0.62637790
0.17999960 0.0 0.68475220
0.21694310 0.0 0.73751290
0.2624870 0.0 0.78305680
0.31524770 0.0 0.82000020
0.37362190 0.0 0.84722060
0.43583610 0.0 0.86389080
0.50 0.0 0.89900860
0.56928710 0.0 0.89294680
0.6364690 0.0 0.87494540
0.69950430 0.0 0.84555160
0.75647780 0.0 0.80565830
0.80565830 0.0 0.75647780
0.84555160 0.0 0.69950430
0.87494550 0.0 0.63646890
0.89294680 0.0 0.56928710
0.89900860 0.0 0.50
0.89294680 0.0 0.43071290
0.87494550 0.0 0.3635310
0.84555160 0.0 0.30049570
0.80565830 0.0 0.24352220
0.75647780 0.0 0.19434170
0.69950440 0.0 0.15444850
0.6364690 0.0 0.12505460
0.56928720 0.0 0.10705320
0.50 0.0 0.10099140
0.43071280 0.0 0.10705320
0.3635310 0.0 0.12505460
0.30049570 0.0 0.15444850
0.24352220 0.0 0.19434170
0.19434160 0.0 0.24352230
0.15444830 0.0 0.30049570
0.12505460 0.0 0.36353110
0.10705320 0.0 0.43071290
0.10099140 0.0 0.50
0.10705320 0.0 0.56928710
0.12505450 0.0 0.63646890
0.15444830 0.0 0.69950430
0.19434160 0.0 0.75647770
0.24352210 0.0 0.80565830
0.30049560 0.0 0.84555160
0.36353090 0.0 0.87494540
0.43071280 0.0 0.89294670
0.50 0.0 0.92510860
0.57381930 0.0 0.91865020
0.64539570 0.0 0.89947140
0.71255430 0.0 0.86815480
0.77325450 0.0 0.82565210
0.82565210 0.0 0.77325450
0.86815480 0.0 0.71255430
0.89947150 0.0 0.64539570
0.91865020 0.0 0.57381930
0.92510860 0.0 0.50
0.91865030 0.0 0.42618070
0.89947150 0.0 0.35460430
0.86815480 0.0 0.28744570
0.82565210 0.0 0.22674540
0.77325460 0.0 0.1743480
0.71255430 0.0 0.13184520
0.64539580 0.0 0.10052860
0.57381940 0.0 0.081349730
0.50 0.0 0.074891420
0.42618060 0.0 0.081349730
0.35460430 0.0 0.10052860
0.28744570 0.0 0.13184520
0.22674550 0.0 0.1743480
0.17434790 0.0 0.22674550
0.13184510 0.0 0.28744570
0.10052860 0.0 0.35460440
0.081349730 0.0 0.42618070
0.074891420 0.0 0.50
0.081349730 0.0 0.57381930
0.10052850 0.0 0.64539570
0.13184510 0.0 0.71255430
0.17434790 0.0 0.77325450
0.22674540 0.0 0.82565210
0.28744560 0.0 0.86815480
0.35460420 0.0 0.89947130
0.42618050 0.0 0.91865020
0.50 0.0 0.94758160
0.57772170 0.0 0.94078190
0.6530820 0.0 0.92058910
0.72379080 0.0 0.88761710
0.78769990 0.0 0.84286750
0.84286740 0.0 0.78769990
0.88761710 0.0 0.72379080
0.92058930 0.0 0.65308190
0.94078190 0.0 0.57772180
0.94758160 0.0 0.50
0.94078190 0.0 0.42227830
0.92058930 0.0 0.3469180
0.88761710 0.0 0.27620910
0.84286740 0.0 0.21230
0.78770 0.0 0.15713260
0.72379090 0.0 0.1123830
0.6530820 0.0 0.079410870
0.57772180 0.0 0.059218080
0.50 0.0 0.052418340
0.42227820 0.0 0.059218080
0.3469180 0.0 0.079410870
0.27620910 0.0 0.1123830
0.21230010 0.0 0.15713260
0.15713250 0.0 0.21230010
0.11238280 0.0 0.27620920
0.079410790 0.0 0.34691810
0.059218080 0.0 0.42227830
0.052418340 0.0 0.50
0.059218080 0.0 0.57772170
0.079410750 0.0 0.65308190
0.11238280 0.0 0.72379080
0.15713250 0.0 0.78769990
0.21230 0.0 0.84286740
0.27620910 0.0 0.88761710
0.3469180 0.0 0.92058910
0.42227810 0.0 0.94078180
0.50 0.0 0.96623610
0.5809610 0.0 0.95915290
0.65946220 0.0 0.93811860
0.73311810 0.0 0.90377230
0.79969080 0.0 0.85715760
0.85715760 0.0 0.79969080
0.90377240 0.0 0.73311810
0.93811870 0.0 0.65946210
0.95915290 0.0 0.58096110
0.96623610 0.0 0.50
0.9591530 0.0 0.4190390
0.93811870 0.0 0.34053780
0.90377240 0.0 0.26688190
0.85715760 0.0 0.20030920
0.79969080 0.0 0.14284240
0.73311810 0.0 0.096227720
0.65946220 0.0 0.061881430
0.58096110 0.0 0.040846990
0.50 0.0 0.033763870
0.41903890 0.0 0.040846990
0.34053780 0.0 0.061881430
0.26688190 0.0 0.096227720
0.20030920 0.0 0.14284240
0.14284230 0.0 0.20030930
0.096227580 0.0 0.26688190
0.061881330 0.0 0.34053790
0.040846990 0.0 0.4190390
0.033763870 0.0 0.50
0.040846990 0.0 0.5809610
0.061881290 0.0 0.65946210
0.096227580 0.0 0.7331180
0.14284230 0.0 0.79969070
0.20030910 0.0 0.85715760
0.26688180 0.0 0.90377230
0.34053780 0.0 0.93811860
0.41903880 0.0 0.95915290
0.50 0.0 0.98091290
0.58350960 0.0 0.97360670
0.66448190 0.0 0.95191030
0.74045650 0.0 0.91648270
0.80912480 0.0 0.86840060
0.86840070 0.0 0.80912480
0.91648280 0.0 0.74045650
0.95191030 0.0 0.66448190
0.97360670 0.0 0.58350970
0.98091290 0.0 0.50
0.97360680 0.0 0.41649040
0.95191030 0.0 0.33551810
0.91648280 0.0 0.25954350
0.86840070 0.0 0.19087510
0.80912490 0.0 0.13159940
0.74045650 0.0 0.083517290
0.66448190 0.0 0.048089810
0.58350970 0.0 0.026393240
0.50 0.0 0.019087120
0.41649030 0.0 0.026393240
0.33551810 0.0 0.048089810
0.25954350 0.0 0.083517290
0.19087520 0.0 0.13159940
0.13159930 0.0 0.19087520
0.083517150 0.0 0.25954360
0.048089710 0.0 0.33551820
0.026393240 0.0 0.41649040
0.019087120 0.0 0.50
0.026393240 0.0 0.58350960
0.048089670 0.0 0.66448190
0.083517150 0.0 0.74045640
0.13159930 0.0 0.80912480
0.19087510 0.0 0.86840060
0.25954340 0.0 0.91648270
0.3355180 0.0 0.95191020
0.41649020 0.0 0.97360670
0.50 0.0 0.99148660
0.58534570 0.0 0.98401980
0.66809830 0.0 0.96184630
0.74574330 0.0 0.92563990
0.81592150 0.0 0.87650060
0.87650060 0.0 0.81592150
0.92563990 0.0 0.74574330
0.96184640 0.0 0.66809830
0.98401980 0.0 0.58534580
0.99148660 0.0 0.50
0.98401980 0.0 0.41465430
0.96184640 0.0 0.33190170
0.92563990 0.0 0.25425660
0.87650060 0.0 0.18407850
0.81592150 0.0 0.12349950
0.74574330 0.0 0.074360150
0.66809840 0.0 0.038153720
0.58534580 0.0 0.015980160
0.50 0.0 0.0085134070
0.41465420 0.0 0.015980160
0.33190170 0.0 0.038153720
0.25425670 0.0 0.074360150
0.18407850 0.0 0.12349950
0.12349930 0.0 0.18407860
0.074360040 0.0 0.25425670
0.038153640 0.0 0.33190170
0.015980160 0.0 0.41465430
0.0085134070 0.0 0.50
0.015980160 0.0 0.58534570
0.038153610 0.0 0.66809830
0.074360040 0.0 0.74574320
0.12349930 0.0 0.81592140
0.18407840 0.0 0.87650050
0.25425660 0.0 0.92563980
0.33190160 0.0 0.96184630
0.41465410 0.0 0.98401980
0.50 0.0 0.99786710
0.58645370 0.0 0.99030340
0.67028060 0.0 0.9678420
0.74893360 0.0 0.93116560
0.82002280 0.0 0.88138840
0.88138840 0.0 0.82002280
0.93116560 0.0 0.74893360
0.96784210 0.0 0.67028060
0.99030330 0.0 0.58645370
0.99786710 0.0 0.50
0.99030350 0.0 0.41354630
0.96784210 0.0 0.32971940
0.93116560 0.0 0.25106640
0.88138840 0.0 0.17997720
0.82002290 0.0 0.11861170
0.74893360 0.0 0.068834470
0.67028060 0.0 0.032158010
0.58645380 0.0 0.0096965590
0.50 0.0 0.0021328780
0.41354630 0.0 0.0096965590
0.32971940 0.0 0.032158010
0.25106640 0.0 0.068834470
0.17997720 0.0 0.11861170
0.11861160 0.0 0.17997730
0.068834360 0.0 0.25106640
0.03215790 0.0 0.32971950
0.0096965590 0.0 0.41354630
0.0021328780 0.0 0.50
0.0096965590 0.0 0.58645370
0.03215790 0.0 0.67028060
0.068834360 0.0 0.74893350
0.11861160 0.0 0.82002280
0.17997710 0.0 0.88138830
0.25106630 0.0 0.93116550
0.32971930 0.0 0.9678420
0.41354610 0.0 0.99030330
0.50 0.0 1.0
0.58682410 0.0 0.99240390
0.67101010 0.0 0.96984630
0.750 0.0 0.93301270
0.82139380 0.0 0.88302220
0.88302220 0.0 0.82139380
0.93301270 0.0 0.750
0.96984640 0.0 0.671010
0.99240390 0.0 0.58682410
1.0 0.0 0.50
0.99240390 0.0 0.41317590
0.96984640 0.0 0.32898990
0.93301270 0.0 0.24999990
0.88302220 0.0 0.17860620
0.82139380 0.0 0.11697780
0.75000010 0.0 0.066987320
0.67101010 0.0 0.030153730
0.58682420 0.0 0.0075960540
0.50 0.0 0.0
0.41317590 0.0 0.0075960540
0.32898990 0.0 0.030153730
0.250 0.0 0.066987320
0.17860620 0.0 0.11697780
0.11697770 0.0 0.17860630
0.066987210 0.0 0.250
0.030153660 0.0 0.328990
0.0075960540 0.0 0.41317590
0.0 0.0 0.50
0.0075960540 0.0 0.58682410
0.030153620 0.0 0.671010
0.066987210 0.0 0.74999990
0.11697770 0.0 0.82139370
0.17860610 0.0 0.88302220
0.24999990 0.0 0.93301270
0.32898980 0.0 0.96984620
0.41317580 0.0 0.99240390
18.0 36.0 649.0
