0.5 0.5 0
0.5 0.5 0
0.5 0.5 0
0.5 0.5 0
0.5 0.5 0
0.5 0.5 0
0.5 0.5 0
0.5 0.5 0
0.5 0.5 0
0.5 0.5 0
0.5 0.5 0
0.5 0.5 0
0.5 0.5 0
0.5 0.5 0
0.5 0.5 0
0.5 0.5 0
0.5 0.5 0
0.5 0.5 0
0.5 0.5 0
0.5 0.61126 0
0.53864 0.604551 0
0.57262 0.58523 0
0.597841 0.55563 0
0.61126 0.51932 0
0.61126 0.48068 0
0.597841 0.44437 0
0.57262 0.41477 0
0.53864 0.395449 0
0.5 0.38874 0
0.46136 0.395449 0
0.42738 0.41477 0
0.402159 0.44437 0
0.38874 0.48068 0
0.38874 0.51932 0
0.402159 0.55563 0
0.42738 0.58523 0
0.46136 0.604551 0
0.5 0.716942 0
0.575343 0.703859 0
0.641599 0.666187 0
0.690776 0.608471 0
0.716942 0.537672 0
0.716942 0.462328 0
0.690776 0.391529 0
0.641599 0.333813 0
0.575343 0.296141 0
0.5 0.283058 0
0.424657 0.296141 0
0.358401 0.333813 0
0.309225 0.391529 0
0.283058 0.462328 0
0.283058 0.537672 0
0.309225 0.608471 0
0.358401 0.666187 0
0.424657 0.703859 0
0.5 0.811745 0
0.608268 0.792944 0
0.703477 0.73881 0
0.774144 0.655872 0
0.811745 0.554134 0
0.811745 0.445866 0
0.774144 0.344127 0
0.703477 0.26119 0
0.608268 0.207056 0
0.5 0.188255 0
0.391732 0.207056 0
0.296523 0.26119 0
0.225856 0.344128 0
0.188255 0.445866 0
0.188255 0.554134 0
0.225856 0.655872 0
0.296523 0.73881 0
0.391732 0.792944 0
0.5 0.890916 0
0.635764 0.867341 0
0.755152 0.799459 0
0.843766 0.695458 0
0.890916 0.567882 0
0.890916 0.432118 0
0.843766 0.304542 0
0.755152 0.200541 0
0.635764 0.132659 0
0.5 0.109084 0
0.364236 0.132659 0
0.244848 0.200541 0
0.156234 0.304542 0
0.109084 0.432118 0
0.109084 0.567882 0
0.156234 0.695458 0
0.244848 0.799459 0
0.364236 0.867341 0
0.5 0.950484 0
0.656452 0.923317 0
0.794033 0.845091 0
0.896149 0.725242 0
0.950484 0.578226 0
0.950484 0.421774 0
0.896149 0.274758 0
0.794033 0.154909 0
0.656452 0.0766832 0
0.5 0.0495156 0
0.343548 0.0766832 0
0.205967 0.154909 0
0.103851 0.274758 0
0.0495156 0.421774 0
0.0495155 0.578226 0
0.103851 0.725242 0
0.205967 0.845091 0
0.343548 0.923317 0
0.5 0.987464 0
0.669294 0.958066 0
0.818169 0.873419 0
0.928669 0.743732 0
0.987464 0.584647 0
0.987464 0.415353 0
0.928669 0.256268 0
0.81817 0.126581 0
0.669294 0.0419337 0
0.5 0.012536 0
0.330706 0.0419337 0
0.181831 0.126581 0
0.0713313 0.256268 0
0.012536 0.415353 0
0.012536 0.584647 0
0.0713313 0.743732 0
0.18183 0.873419 0
0.330705 0.958066 0
0.5 1 0
0.673648 0.969846 0
0.826352 0.883022 0
0.939693 0.75 0
1 0.586824 0
1 0.413176 0
0.939693 0.25 0
0.826352 0.116978 0
0.673648 0.0301537 0
0.5 0 0
0.326352 0.0301537 0
0.173648 0.116978 0
0.0603074 0.25 0
0 0.413176 0
3.78276e-08 0.586824 0
0.0603074 0.75 0
0.173648 0.883022 0
0.326352 0.969846 0
8 18 145
