0 0.153747 0
-0.131445 0.143412 0
-0.122965 0.114758 0
-0.118725 0.100431 0
-0.104108 0.0757177 0
-0.0845997 0.0534046 0
-0.0698588 0.0441984 0
-0.0449085 0.037423 0
-0.0215372 0.0267916 0
0 0.0283763 0
0.0215373 0.0267916 0
0.0449084 0.037423 0
0.0698589 0.0441984 0
0.0845997 0.0534046 0
0.104108 0.0757177 0
0.118725 0.100431 0
0.122965 0.114758 0
0.131445 0.143412 0
0.132137 0.177067 0
0.128034 0.196401 0
0.114875 0.220092 0
0.100465 0.24301 0
0.0755279 0.267976 0
0.0568056 0.272842 0
0.0292498 0.293176 0
0 0.294789 0
-0.0292497 0.293176 0
-0.0568057 0.272842 0
-0.0755278 0.267976 0
-0.100465 0.24301 0
-0.114875 0.220092 0
-0.128034 0.196401 0
-0.132137 0.177067 0
-0.259736 0.107875 0
-0.250075 0.0558771 0
-0.219763 0.0126528 0
-0.201573 -0.0270921 0
-0.162771 -0.0569329 0
-0.133508 -0.0800996 0
-0.0839679 -0.102122 0
-0.0458248 -0.108903 0
0 -0.112665 0
0.0458249 -0.108903 0
0.0839678 -0.102122 0
0.133508 -0.0800996 0
0.162771 -0.0569329 0
0.201573 -0.0270921 0
0.219763 0.0126528 0
0.250075 0.0558771 0
0.259736 0.107875 0
0.259706 0.150204 0
0.24932 0.202772 0
0.23511 0.255358 0
0.206995 0.315191 0
0.169456 0.357235 0
0.114407 0.383355 0
0.057637 0.399185 0
0 0.420159 0
-0.057637 0.399185 0
-0.114407 0.383355 0
-0.169456 0.357235 0
-0.206995 0.315191 0
-0.23511 0.255358 0
-0.24932 0.202772 0
-0.259706 0.150204 0
-0.376937 0.0376585 0
-0.355152 -0.0329736 0
-0.328673 -0.0968179 0
-0.285699 -0.147616 0
-0.238445 -0.182742 0
-0.178834 -0.212237 0
-0.11822 -0.237368 0
-0.0645948 -0.24901 0
0 -0.253708 0
0.0645947 -0.24901 0
0.11822 -0.237368 0
0.178834 -0.212237 0
0.238445 -0.182742 0
0.285699 -0.147616 0
0.328673 -0.0968179 0
0.355152 -0.0329736 0
0.376937 0.0376592 0
0.393514 0.114368 0
0.3803 0.190611 0
0.360744 0.266774 0
0.324116 0.353821 0
0.256484 0.417964 0
0.186824 0.481308 0
0.094808 0.517631 0
0 0.52986 0
-0.094808 0.517632 0
-0.186824 0.481306 0
-0.256483 0.417964 0
-0.324116 0.353819 0
-0.360744 0.266774 0
-0.3803 0.190611 0
-0.393514 0.114368 0
-0.496761 -0.0549313 0
-0.459409 -0.14621 0
-0.414003 -0.208743 0
-0.355324 -0.274577 0
-0.29262 -0.322253 0
-0.226804 -0.359664 0
-0.147775 -0.379915 0
-0.0808826 -0.40014 0
0 -0.39475 0
0.0808827 -0.40014 0
0.147775 -0.379915 0
0.226804 -0.359664 0
0.29262 -0.322253 0
0.355324 -0.274577 0
0.414003 -0.208743 0
0.459409 -0.14621 0
0.496761 -0.0549313 0
0.52201 0.0231254 0
0.518928 0.139567 0
0.495849 0.250067 0
0.443921 0.364157 0
0.367517 0.480849 0
0.272893 0.563448 0
0.137552 0.616711 0
0 0.639559 0
-0.137552 0.616711 0
-0.272892 0.563448 0
-0.367517 0.480849 0
-0.443921 0.364157 0
-0.495849 0.250067 0
-0.518928 0.139567 0
-0.52201 0.0231254 0
-0.602309 -0.189458 0
-0.554389 -0.280338 0
-0.490444 -0.354906 0
-0.42268 -0.410569 0
-0.347733 -0.472776 0
-0.261691 -0.49801 0
-0.174304 -0.525916 0
-0.0887828 -0.549498 0
0 -0.551464 0
0.0887828 -0.549498 0
0.174304 -0.525916 0
0.26169 -0.498011 0
0.347733 -0.472775 0
0.42268 -0.410569 0
0.490444 -0.354906 0
0.554389 -0.280338 0
0.602309 -0.189458 0
0.629285 -0.0646363 0
0.650211 0.0477259 0
0.627492 0.201623 0
0.579891 0.343422 0
0.484845 0.500486 0
0.3507 0.626487 0
0.186977 0.711224 0
0 0.749258 0
-0.186977 0.711224 0
-0.3507 0.626487 0
-0.484845 0.500486 0
-0.579891 0.343421 0
-0.627492 0.201623 0
-0.650211 0.0477259 0
-0.629285 -0.0646363 0
-0.690371 -0.326105 0
-0.631355 -0.440989 0
-0.558236 -0.510153 0
-0.468586 -0.571444 0
-0.387569 -0.610993 0
-0.291177 -0.658627 0
-0.199558 -0.68371 0
-0.101674 -0.695495 0
0 -0.692505 0
0.101674 -0.695495 0
0.199558 -0.68371 0
0.291177 -0.658627 0
0.387569 -0.610993 0
0.468586 -0.571444 0
0.558236 -0.510153 0
0.631355 -0.440989 0
0.690371 -0.326105 0
0.740883 -0.218869 0
0.76967 -0.0714226 0
0.758579 0.105801 0
0.71977 0.275497 0
0.630884 0.474738 0
0.473707 0.655916 0
0.242879 0.800427 0
0 0.843286 0
-0.242879 0.800427 0
-0.473708 0.655916 0
-0.630884 0.474738 0
-0.71977 0.275497 0
-0.758579 0.105801 0
-0.76967 -0.0714226 0
-0.740883 -0.218869 0
-0.773196 -0.501662 0
-0.695817 -0.589124 0
-0.609012 -0.678543 0
-0.509824 -0.733287 0
-0.412436 -0.782797 0
-0.309176 -0.811637 0
-0.215169 -0.838392 0
-0.100465 -0.844454 0
0 -0.849219 0
0.100465 -0.844454 0
0.215169 -0.838392 0
0.309177 -0.811636 0
0.412436 -0.782797 0
0.509824 -0.733287 0
0.609012 -0.678543 0
0.695817 -0.589125 0
0.773196 -0.501662 0
0.834798 -0.392951 0
0.87786 -0.236129 0
0.896907 -0.0676309 0
0.857096 0.158596 0
0.780798 0.40021 0
0.60605 0.652672 0
0.343454 0.859757 0
0 0.937315 0
-0.343454 0.859757 0
-0.60605 0.652672 0
-0.780798 0.40021 0
-0.857096 0.158596 0
-0.896907 -0.0676309 0
-0.87786 -0.236129 0
-0.834798 -0.392951 0
-0.814688 -0.703819 0
-0.726991 -0.783373 0
-0.63728 -0.841428 0
-0.53787 -0.898188 0
-0.439526 -0.927472 0
-0.330349 -0.967851 0
-0.214735 -0.980725 0
-0.11695 -1 0
0 -0.990261 0
0.116949 -1 0
0.214735 -0.980725 0
0.330349 -0.967851 0
0.439526 -0.927472 0
0.53787 -0.898188 0
0.63728 -0.841428 0
0.726991 -0.783373 0
0.814688 -0.703819 0
0.90308 -0.569767 0
0.95799 -0.442039 0
0.993716 -0.264185 0
1 -0.040839 0
0.937172 0.240722 0
0.758883 0.586297 0
0.467992 0.868711 0
0 1 0
-0.467992 0.868711 0
-0.758883 0.586297 0
-0.937172 0.240722 0
-1 -0.040839 0
-0.993716 -0.264185 0
-0.95799 -0.442039 0
-0.90308 -0.569767 0
8 32 257
